0 0.5555555555555556 0.03349673202614379 0.058823529411764705 0.05392156862745098
0 0.6209150326797386 0.07924836601307189 0.06535947712418301 0.07026143790849673
0 0.7434640522875817 0.10049019607843138 0.12745098039215685 0.08660130718954248
0 0.6740196078431373 0.18709150326797386 0.11274509803921569 0.09967320261437909
0 0.7140522875816994 0.22140522875816995 0.05555555555555556 0.03758169934640523
0 0.5645424836601307 0.21895424836601307 0.1388888888888889 0.13071895424836602
0 0.8088235294117647 0.18218954248366015 0.11764705882352941 0.12581699346405228
0 0.8839869281045752 0.19934640522875818 0.05228758169934641 0.05555555555555556
0 0.8660130718954249 0.23937908496732027 0.042483660130718956 0.05392156862745098
0 0.75 0.3014705882352941 0.0784313725490196 0.13562091503267976
0 0.9060457516339869 0.2647058823529412 0.03758169934640523 0.049019607843137254
0 0.7908496732026145 0.33905228758169936 0.05555555555555556 0.057189542483660136
0 0.613562091503268 0.3619281045751634 0.10294117647058824 0.11601307189542484
0 0.8529411764705883 0.3897058823529412 0.12091503267973856 0.1454248366013072
0 0.9460784313725491 0.3431372549019608 0.06209150326797386 0.08169934640522876
0 0.940359477124183 0.41421568627450983 0.07026143790849673 0.07026143790849673
0 0.7761437908496732 0.45833333333333337 0.09477124183006536 0.15849673202614378
0 0.5882352941176471 0.4607843137254902 0.09477124183006536 0.10784313725490197
0 0.6830065359477124 0.513888888888889 0.10784313725490197 0.07352941176470588
0 0.9681372549019608 0.45669934640522875 0.04411764705882353 0.07026143790849673
0 0.8970588235294118 0.5073529411764706 0.10457516339869281 0.13562091503267976
0 0.9689542483660131 0.5383986928104575 0.05228758169934641 0.11601307189542484
0 0.928921568627451 0.565359477124183 0.05392156862745098 0.06862745098039216
0 0.8178104575163399 0.5473856209150327 0.08986928104575163 0.06535947712418301
0 0.8611111111111112 0.5898692810457516 0.05555555555555556 0.05555555555555556
0 0.6339869281045751 0.5620915032679739 0.13071895424836602 0.07189542483660132
0 0.7303921568627452 0.6209150326797386 0.049019607843137254 0.05228758169934641
0 0.8014705882352942 0.619281045751634 0.10620915032679738 0.08496732026143791
0 0.8709150326797386 0.6527777777777778 0.058823529411764705 0.09313725490196079
0 0.928921568627451 0.6658496732026143 0.07679738562091504 0.09967320261437909
0 0.8398692810457516 0.6895424836601307 0.06535947712418301 0.07189542483660132
0 0.6200980392156863 0.6323529411764706 0.06372549019607843 0.07516339869281045
0 0.7181372549019608 0.7034313725490197 0.1388888888888889 0.13562091503267976
0 0.732843137254902 0.7818627450980392 0.05065359477124183 0.04084967320261438
0 0.7687908496732027 0.7998366013071896 0.05065359477124183 0.05392156862745098
0 0.852124183006536 0.7818627450980392 0.1323529411764706 0.10620915032679738
0 0.5416666666666666 0.613562091503268 0.09967320261437909 0.10294117647058824
0 0.4665032679738562 0.613562091503268 0.057189542483660136 0.06699346405228758
0 0.49673202614379086 0.678921568627451 0.08823529411764706 0.07026143790849673
0 0.5588235294117647 0.7205882352941176 0.042483660130718956 0.05555555555555556
0 0.45833333333333337 0.7549019607843137 0.08986928104575163 0.08823529411764706
0 0.513888888888889 0.8284313725490197 0.119281045751634 0.13725490196078433
0 0.7418300653594772 0.8970588235294118 0.09477124183006536 0.08169934640522876
0 0.6691176470588236 0.934640522875817 0.08333333333333334 0.08496732026143791
0 0.6176470588235294 0.9150326797385622 0.049019607843137254 0.04575163398692811
0 0.571078431372549 0.9624183006535948 0.11601307189542484 0.06209150326797386
0 0.4616013071895425 0.9583333333333334 0.04084967320261438 0.04084967320261438
0 0.41258169934640526 0.8929738562091504 0.09640522875816994 0.12581699346405228
0 0.36764705882352944 0.8284313725490197 0.09150326797385622 0.09803921568627451
0 0.3946078431372549 0.7524509803921569 0.05392156862745098 0.057189542483660136
0 0.3366013071895425 0.7508169934640523 0.07189542483660132 0.08986928104575163
0 0.2581699346405229 0.75 0.08496732026143791 0.09803921568627451
0 0.1503267973856209 0.7573529411764706 0.09803921568627451 0.09313725490196079
0 0.09885620915032681 0.6756535947712419 0.12908496732026145 0.09967320261437909
0 0.042483660130718956 0.6282679738562091 0.029411764705882353 0.03104575163398693
0 0.21405228758169936 0.6879084967320261 0.049019607843137254 0.049019607843137254
0 0.2704248366013072 0.6503267973856209 0.11274509803921569 0.09477124183006536
0 0.18382352941176472 0.6527777777777778 0.057189542483660136 0.08986928104575163
0 0.3570261437908497 0.6813725490196079 0.057189542483660136 0.05228758169934641
0 0.37663398692810457 0.9714052287581699 0.09967320261437909 0.04738562091503268
0 0.29248366013071897 0.5302287581699346 0.11111111111111112 0.1650326797385621
0 0.18055555555555555 0.5915032679738562 0.09967320261437909 0.08823529411764706
0 0.21241830065359477 0.5032679738562091 0.06862745098039216 0.10130718954248366
0 0.09967320261437909 0.5473856209150327 0.12745098039215685 0.12745098039215685
0 0.026143790849673203 0.5261437908496732 0.049019607843137254 0.15359477124183007
0 0.46895424836601307 0.4803921568627451 0.12745098039215685 0.11111111111111112
0 0.35784313725490197 0.45669934640522875 0.08823529411764706 0.119281045751634
0 0.5016339869281046 0.3946078431372549 0.08823529411764706 0.07352941176470588
0 0.4158496732026144 0.40032679738562094 0.09640522875816994 0.0784313725490196
0 0.3292483660130719 0.38480392156862747 0.06045751633986928 0.08006535947712419
0 0.24918300653594772 0.4076797385620915 0.09967320261437909 0.07026143790849673
0 0.13643790849673204 0.4281045751633987 0.13562091503267976 0.11111111111111112
0 0.04166666666666667 0.4011437908496732 0.06372549019607843 0.09640522875816994
0 0.4820261437908497 0.33905228758169936 0.06209150326797386 0.04738562091503268
0 0.47303921568627455 0.28104575163398693 0.08006535947712419 0.07189542483660132
0 0.37663398692810457 0.303921568627451 0.12581699346405228 0.11111111111111112
0 0.2540849673202614 0.3137254901960784 0.10947712418300654 0.10457516339869281
0 0.1323529411764706 0.3161764705882353 0.12091503267973856 0.12581699346405228
0 0.48366013071895425 0.22957516339869283 0.09477124183006536 0.10620915032679738
0 0.34885620915032683 0.18709150326797386 0.10620915032679738 0.12254901960784315
0 0.18300653594771243 0.24019607843137256 0.05555555555555556 0.08169934640522876
0 0.13562091503267976 0.16993464052287582 0.0784313725490196 0.0784313725490196
0 0.21650326797385622 0.1576797385620915 0.07679738562091504 0.10294117647058824
0 0.33088235294117646 0.08823529411764706 0.08660130718954248 0.09150326797385622
0 0.4281045751633987 0.058823529411764705 0.10784313725490197 0.10130718954248366
0 0.49264705882352944 0.01715686274509804 0.07679738562091504 0.03431372549019608
