0 0.5498366013071896 0.04575163398692811 0.09967320261437909 0.08169934640522876
0 0.625 0.07598039215686275 0.07352941176470588 0.08006535947712419
0 0.5931372549019608 0.13071895424836602 0.032679738562091505 0.07516339869281045
0 0.6683006535947713 0.18055555555555555 0.08823529411764706 0.08006535947712419
0 0.744281045751634 0.0923202614379085 0.12908496732026145 0.09640522875816994
0 0.803921568627451 0.18137254901960784 0.12091503267973856 0.12745098039215685
0 0.6062091503267975 0.2303921568627451 0.06862745098039216 0.09477124183006536
0 0.7467320261437909 0.30228758169934644 0.09150326797385622 0.15359477124183007
0 0.8864379084967321 0.2099673202614379 0.06372549019607843 0.06699346405228758
0 0.9125816993464052 0.2687908496732026 0.06699346405228758 0.04411764705882353
0 0.9354575163398693 0.34068627450980393 0.07352941176470588 0.09313725490196079
0 0.8562091503267975 0.39215686274509803 0.11111111111111112 0.1503267973856209
0 0.7843137254901961 0.4542483660130719 0.08823529411764706 0.14052287581699346
0 0.6633986928104575 0.3978758169934641 0.0784313725490196 0.09313725490196079
0 0.607843137254902 0.3513071895424837 0.07516339869281045 0.0784313725490196
0 0.9428104575163399 0.4199346405228758 0.09150326797385622 0.07516339869281045
0 0.9763071895424837 0.4542483660130719 0.04411764705882353 0.058823529411764705
0 0.9746732026143791 0.5343137254901961 0.04738562091503268 0.11437908496732027
0 0.6862745098039216 0.5089869281045751 0.12418300653594772 0.07679738562091504
0 0.8186274509803921 0.5473856209150327 0.11437908496732027 0.09150326797385622
0 0.9052287581699346 0.4934640522875817 0.08169934640522876 0.10130718954248366
0 0.928921568627451 0.565359477124183 0.06372549019607843 0.06209150326797386
0 0.5931372549019608 0.45996732026143794 0.08823529411764706 0.10947712418300654
0 0.8627450980392157 0.5906862745098039 0.029411764705882353 0.03431372549019608
0 0.798202614379085 0.6225490196078431 0.119281045751634 0.08496732026143791
0 0.9248366013071896 0.6715686274509804 0.09150326797385622 0.12091503267973856
0 0.6364379084967321 0.5620915032679739 0.14869281045751634 0.0784313725490196
0 0.8390522875816994 0.6944444444444444 0.09313725490196079 0.07516339869281045
0 0.625 0.638888888888889 0.08986928104575163 0.09477124183006536
0 0.7222222222222222 0.7091503267973857 0.14705882352941177 0.13725490196078433
0 0.8619281045751634 0.7802287581699346 0.10620915032679738 0.10294117647058824
0 0.7728758169934641 0.8080065359477124 0.08496732026143791 0.08660130718954248
0 0.8243464052287582 0.8553921568627452 0.06045751633986928 0.05065359477124183
0 0.744281045751634 0.9060457516339869 0.07026143790849673 0.06372549019607843
0 0.5302287581699346 0.6225490196078431 0.09313725490196079 0.09150326797385622
0 0.5032679738562091 0.6838235294117647 0.10784313725490197 0.07352941176470588
0 0.4681372549019608 0.6127450980392157 0.03758169934640523 0.0392156862745098
0 0.5629084967320261 0.7320261437908497 0.04738562091503268 0.06209150326797386
0 0.6299019607843137 0.7696078431372549 0.09640522875816994 0.14052287581699346
0 0.6037581699346405 0.8848039215686275 0.06699346405228758 0.10620915032679738
0 0.667483660130719 0.9321895424836601 0.08986928104575163 0.09640522875816994
0 0.5016339869281046 0.7598039215686275 0.06862745098039216 0.07189542483660132
0 0.5236928104575164 0.8276143790849674 0.119281045751634 0.12908496732026145
0 0.5776143790849674 0.9558823529411765 0.08986928104575163 0.06535947712418301
0 0.47385620915032683 0.9697712418300654 0.10784313725490197 0.05392156862745098
0 0.37663398692810457 0.9705882352941176 0.07679738562091504 0.0392156862745098
0 0.4207516339869281 0.8897058823529412 0.08333333333333334 0.119281045751634
0 0.3741830065359477 0.9338235294117647 0.042483660130718956 0.05065359477124183
0 0.3684640522875817 0.823529411764706 0.10620915032679738 0.10130718954248366
0 0.440359477124183 0.7614379084967321 0.06372549019607843 0.05555555555555556
0 0.3872549019607843 0.7483660130718954 0.06535947712418301 0.058823529411764705
0 0.33496732026143794 0.755718954248366 0.05555555555555556 0.06045751633986928
0 0.2630718954248366 0.8398692810457516 0.05228758169934641 0.07189542483660132
0 0.26062091503267976 0.7491830065359477 0.08006535947712419 0.09313725490196079
0 0.14379084967320263 0.7630718954248367 0.09150326797385622 0.09150326797385622
0 0.17973856209150327 0.7197712418300654 0.042483660130718956 0.06699346405228758
0 0.08496732026143791 0.7434640522875817 0.032679738562091505 0.029411764705882353
0 0.10212418300653595 0.6821895424836601 0.12908496732026145 0.11274509803921569
0 0.25245098039215685 0.6544117647058824 0.1519607843137255 0.09313725490196079
0 0.3602941176470588 0.6813725490196079 0.08006535947712419 0.08169934640522876
0 0.04493464052287582 0.6290849673202614 0.06372549019607843 0.06209150326797386
0 0.19035947712418302 0.5898692810457516 0.10620915032679738 0.10457516339869281
0 0.09722222222222222 0.5522875816993464 0.13562091503267976 0.12418300653594772
0 0.026143790849673203 0.5236928104575164 0.042483660130718956 0.12254901960784315
0 0.1985294117647059 0.4901960784313726 0.06699346405228758 0.09803921568627451
0 0.28431372549019607 0.5236928104575164 0.09150326797385622 0.14869281045751634
0 0.3611111111111111 0.4632352941176471 0.10784313725490197 0.15522875816993464
0 0.47058823529411764 0.4852941176470588 0.12745098039215685 0.11111111111111112
0 0.4207516339869281 0.4019607843137255 0.07679738562091504 0.07189542483660132
0 0.5163398692810458 0.39052287581699346 0.11764705882352941 0.08496732026143791
0 0.24754901960784315 0.4109477124183007 0.11601307189542484 0.08986928104575163
0 0.1315359477124183 0.4338235294117647 0.11601307189542484 0.09967320261437909
0 0.04084967320261438 0.41013071895424835 0.07516339869281045 0.10457516339869281
0 0.1388888888888889 0.3088235294117647 0.12091503267973856 0.12091503267973856
0 0.25245098039215685 0.3145424836601307 0.11601307189542484 0.10294117647058824
0 0.37663398692810457 0.30228758169934644 0.11601307189542484 0.10784313725490197
0 0.44689542483660133 0.33088235294117646 0.07352941176470588 0.057189542483660136
0 0.47303921568627455 0.28594771241830064 0.08333333333333334 0.07516339869281045
0 0.49183006535947715 0.22875816993464054 0.0784313725490196 0.09150326797385622
0 0.41258169934640526 0.20915032679738563 0.08660130718954248 0.08169934640522876
0 0.3472222222222222 0.18790849673202614 0.10294117647058824 0.11764705882352941
0 0.21650326797385622 0.16584967320261437 0.08006535947712419 0.08986928104575163
0 0.1576797385620915 0.14950980392156862 0.05392156862745098 0.05065359477124183
0 0.2181372549019608 0.10294117647058824 0.07026143790849673 0.05228758169934641
0 0.33496732026143794 0.08251633986928104 0.04575163398692811 0.06372549019607843
0 0.3006535947712418 0.059640522875817 0.042483660130718956 0.04084967320261438
0 0.47794117647058826 0.12663398692810457 0.06372549019607843 0.06045751633986928
0 0.41911764705882354 0.06535947712418301 0.1323529411764706 0.10457516339869281
