0 0.4959150326797386 0.02777777777777778 0.06699346405228758 0.04575163398692811
0 0.5890522875816994 0.028594771241830068 0.08660130718954248 0.05392156862745098
0 0.5514705882352942 0.0923202614379085 0.1454248366013072 0.09967320261437909
0 0.6560457516339869 0.07352941176470588 0.08986928104575163 0.08823529411764706
0 0.7483660130718954 0.10457516339869281 0.11111111111111112 0.08169934640522876
0 0.673202614379085 0.17973856209150327 0.12418300653594772 0.11111111111111112
0 0.5588235294117647 0.2107843137254902 0.12745098039215685 0.14705882352941177
0 0.7606209150326798 0.2058823529411765 0.06372549019607843 0.12745098039215685
0 0.8276143790849674 0.17483660130718956 0.08333333333333334 0.11437908496732027
0 0.8643790849673203 0.2540849673202614 0.09803921568627451 0.10947712418300654
0 0.934640522875817 0.2949346405228758 0.05555555555555556 0.09640522875816994
0 0.7908496732026145 0.3382352941176471 0.08496732026143791 0.08496732026143791
0 0.6151960784313726 0.3700980392156863 0.12581699346405228 0.1388888888888889
0 0.8537581699346406 0.39542483660130723 0.11274509803921569 0.14052287581699346
0 0.7475490196078431 0.4607843137254902 0.10947712418300654 0.16993464052287582
0 0.9681372549019608 0.39869281045751637 0.02777777777777778 0.058823529411764705
0 0.5702614379084967 0.4550653594771242 0.07516339869281045 0.07352941176470588
0 0.6094771241830066 0.5196078431372549 0.07516339869281045 0.07516339869281045
0 0.6748366013071896 0.5196078431372549 0.058823529411764705 0.05228758169934641
0 0.9697712418300654 0.4632352941176471 0.057189542483660136 0.04411764705882353
0 0.8872549019607844 0.5171568627450981 0.12091503267973856 0.1388888888888889
0 0.9673202614379085 0.5433006535947713 0.05228758169934641 0.12254901960784315
0 0.8504901960784313 0.5915032679738562 0.04738562091503268 0.06535947712418301
0 0.7973856209150327 0.565359477124183 0.06535947712418301 0.06535947712418301
0 0.6364379084967321 0.5702614379084967 0.05065359477124183 0.0392156862745098
0 0.7287581699346406 0.6258169934640523 0.13071895424836602 0.10784313725490197
0 0.823529411764706 0.6560457516339869 0.06862745098039216 0.09967320261437909
0 0.880718954248366 0.6666666666666667 0.05228758169934641 0.11764705882352941
0 0.9379084967320261 0.6421568627450981 0.06535947712418301 0.09477124183006536
0 0.9142156862745099 0.7377450980392157 0.05392156862745098 0.09640522875816994
0 0.8431372549019608 0.7410130718954249 0.08823529411764706 0.08986928104575163
0 0.7066993464052288 0.7034313725490197 0.07679738562091504 0.06699346405228758
0 0.8276143790849674 0.8014705882352942 0.09313725490196079 0.08006535947712419
0 0.7459150326797386 0.7736928104575164 0.09313725490196079 0.08006535947712419
0 0.6527777777777778 0.6887254901960784 0.03758169934640523 0.04411764705882353
0 0.6421568627450981 0.7753267973856209 0.10784313725490197 0.12581699346405228
0 0.7361111111111112 0.8423202614379085 0.06699346405228758 0.07352941176470588
0 0.7393790849673203 0.9003267973856209 0.119281045751634 0.0784313725490196
0 0.6380718954248367 0.9068627450980392 0.09640522875816994 0.08496732026143791
0 0.6029411764705882 0.8472222222222222 0.11437908496732027 0.07679738562091504
0 0.5400326797385621 0.9003267973856209 0.10947712418300654 0.10130718954248366
0 0.5669934640522876 0.9632352941176471 0.08823529411764706 0.05065359477124183
0 0.5212418300653595 0.8047385620915033 0.058823529411764705 0.06045751633986928
0 0.47794117647058826 0.8227124183006537 0.03758169934640523 0.03431372549019608
0 0.573529411764706 0.7671568627450981 0.05228758169934641 0.07679738562091504
0 0.43709150326797386 0.9526143790849674 0.10620915032679738 0.08169934640522876
0 0.3627450980392157 0.9624183006535948 0.04575163398692811 0.0392156862745098
0 0.41013071895424835 0.8913398692810458 0.10784313725490197 0.1388888888888889
0 0.41421568627450983 0.755718954248366 0.05065359477124183 0.05065359477124183
0 0.47875816993464054 0.7516339869281046 0.08823529411764706 0.10784313725490197
0 0.5334967320261438 0.6748366013071896 0.08660130718954248 0.0784313725490196
0 0.4411764705882353 0.6699346405228759 0.06862745098039216 0.06209150326797386
0 0.5563725490196079 0.6053921568627452 0.08660130718954248 0.08333333333333334
0 0.46895424836601307 0.5947712418300654 0.10457516339869281 0.11111111111111112
0 0.45996732026143794 0.4607843137254902 0.08333333333333334 0.08823529411764706
0 0.4714052287581699 0.3480392156862745 0.08333333333333334 0.10130718954248366
0 0.49183006535947715 0.28022875816993464 0.026143790849673203 0.03104575163398693
0 0.4624183006535948 0.28022875816993464 0.042483660130718956 0.04084967320261438
0 0.4616013071895425 0.22222222222222224 0.09640522875816994 0.09803921568627451
0 0.4281045751633987 0.11029411764705882 0.07516339869281045 0.12254901960784315
0 0.3504901960784314 0.8513071895424836 0.08660130718954248 0.09803921568627451
0 0.3423202614379085 0.7491830065359477 0.10620915032679738 0.11274509803921569
0 0.3284313725490196 0.6633986928104575 0.07516339869281045 0.09150326797385622
0 0.3014705882352941 0.5375816993464052 0.09967320261437909 0.16666666666666669
0 0.39215686274509803 0.5089869281045751 0.09803921568627451 0.09967320261437909
0 0.41421568627450983 0.40032679738562094 0.09313725490196079 0.07189542483660132
0 0.3235294117647059 0.4027777777777778 0.09150326797385622 0.12254901960784315
0 0.37990196078431376 0.3104575163398693 0.10947712418300654 0.09803921568627451
0 0.30718954248366015 0.26143790849673204 0.06535947712418301 0.08496732026143791
0 0.34885620915032683 0.17483660130718956 0.08333333333333334 0.09150326797385622
0 0.32516339869281047 0.08251633986928104 0.11764705882352941 0.09640522875816994
0 0.15114379084967322 0.8300653594771242 0.08660130718954248 0.09477124183006536
0 0.11274509803921569 0.7393790849673203 0.049019607843137254 0.057189542483660136
0 0.17483660130718956 0.7467320261437909 0.08169934640522876 0.0784313725490196
0 0.25326797385620914 0.744281045751634 0.07516339869281045 0.10620915032679738
0 0.2377450980392157 0.6609477124183006 0.08660130718954248 0.09640522875816994
0 0.18627450980392157 0.6495098039215687 0.07189542483660132 0.119281045751634
0 0.09313725490196079 0.6658496732026143 0.10457516339869281 0.09640522875816994
0 0.05473856209150327 0.6029411764705882 0.06699346405228758 0.05228758169934641
0 0.09885620915032681 0.5375816993464052 0.08986928104575163 0.10457516339869281
0 0.20506535947712418 0.5351307189542484 0.12581699346405228 0.12581699346405228
0 0.025326797385620915 0.4714052287581699 0.04084967320261438 0.119281045751634
0 0.1323529411764706 0.4158496732026144 0.13725490196078433 0.11274509803921569
0 0.2361111111111111 0.4166666666666667 0.06699346405228758 0.06862745098039216
0 0.17483660130718956 0.3464052287581699 0.04575163398692811 0.06209150326797386
0 0.04166666666666667 0.3570261437908497 0.05065359477124183 0.08660130718954248
0 0.11519607843137256 0.32598039215686275 0.08333333333333334 0.07352941176470588
0 0.25571895424836605 0.3112745098039216 0.06699346405228758 0.07352941176470588
0 0.18055555555555555 0.24183006535947713 0.11274509803921569 0.12091503267973856
0 0.12663398692810457 0.18218954248366015 0.06372549019607843 0.06699346405228758
0 0.27450980392156865 0.1650326797385621 0.07516339869281045 0.10784313725490197
0 0.21241830065359477 0.1593137254901961 0.06209150326797386 0.07679738562091504
