0 0.5465686274509804 0.049019607843137254 0.12254901960784315 0.09150326797385622
0 0.6217320261437909 0.07598039215686275 0.08986928104575163 0.07679738562091504
0 0.5915032679738562 0.13725490196078433 0.05555555555555556 0.09477124183006536
0 0.667483660130719 0.13316993464052287 0.06372549019607843 0.07352941176470588
0 0.6544117647058824 0.18218954248366015 0.05392156862745098 0.05065359477124183
0 0.7491830065359477 0.08986928104575163 0.12908496732026145 0.08823529411764706
0 0.8014705882352942 0.17647058823529413 0.11274509803921569 0.13071895424836602
0 0.7450980392156863 0.30228758169934644 0.09150326797385622 0.1568627450980392
0 0.8856209150326798 0.20915032679738563 0.07189542483660132 0.09150326797385622
0 0.6102941176470589 0.24019607843137256 0.08006535947712419 0.07189542483660132
0 0.9142156862745099 0.2647058823529412 0.07026143790849673 0.0392156862745098
0 0.5988562091503268 0.3431372549019608 0.04411764705882353 0.05228758169934641
0 0.9313725490196079 0.3374183006535948 0.07189542483660132 0.10620915032679738
0 0.8537581699346406 0.3888888888888889 0.09967320261437909 0.13725490196078433
0 0.9379084967320261 0.4166666666666667 0.10457516339869281 0.07189542483660132
0 0.7883986928104575 0.4485294117647059 0.08006535947712419 0.119281045751634
0 0.6699346405228759 0.39215686274509803 0.10784313725490197 0.11437908496732027
0 0.5931372549019608 0.4575163398692811 0.0784313725490196 0.10784313725490197
0 0.6854575163398693 0.5040849673202614 0.12908496732026145 0.07679738562091504
0 0.8227124183006537 0.5408496732026143 0.12908496732026145 0.10784313725490197
0 0.7361111111111112 0.542483660130719 0.03758169934640523 0.03594771241830066
0 0.9297385620915033 0.5588235294117647 0.07189542483660132 0.058823529411764705
0 0.9779411764705883 0.46405228758169936 0.04084967320261438 0.0392156862745098
0 0.9746732026143791 0.5359477124183006 0.04738562091503268 0.09150326797385622
0 0.923202614379085 0.6691176470588236 0.09477124183006536 0.13562091503267976
0 0.7965686274509804 0.6266339869281046 0.13562091503267976 0.09313725490196079
0 0.630718954248366 0.565359477124183 0.1503267973856209 0.08169934640522876
0 0.5294117647058824 0.6290849673202614 0.09477124183006536 0.10784313725490197
0 0.6282679738562091 0.6437908496732027 0.11274509803921569 0.10130718954248366
0 0.7254901960784313 0.7075163398692811 0.1503267973856209 0.14705882352941177
0 0.8366013071895425 0.7001633986928105 0.09150326797385622 0.07679738562091504
0 0.863562091503268 0.7720588235294118 0.09967320261437909 0.09967320261437909
0 0.7736928104575164 0.8022875816993464 0.09967320261437909 0.10457516339869281
0 0.8259803921568628 0.8586601307189543 0.07352941176470588 0.07026143790849673
0 0.5098039215686274 0.6862745098039216 0.11437908496732027 0.07516339869281045
0 0.5678104575163399 0.7279411764705882 0.04738562091503268 0.057189542483660136
0 0.625 0.7598039215686275 0.07679738562091504 0.12418300653594772
0 0.6797385620915033 0.8080065359477124 0.04575163398692811 0.05392156862745098
0 0.5294117647058824 0.7671568627450981 0.13398692810457516 0.09313725490196079
0 0.667483660130719 0.928921568627451 0.09967320261437909 0.09640522875816994
0 0.5939542483660131 0.8905228758169935 0.08333333333333334 0.12418300653594772
0 0.5498366013071896 0.9526143790849674 0.06372549019607843 0.0784313725490196
0 0.5294117647058824 0.8602941176470589 0.0784313725490196 0.05392156862745098
0 0.5898692810457516 0.977124183006536 0.03594771241830066 0.0392156862745098
0 0.4803921568627451 0.9689542483660131 0.13071895424836602 0.049019607843137254
0 0.3709150326797386 0.9395424836601307 0.06862745098039216 0.06209150326797386
0 0.4223856209150327 0.8823529411764706 0.07679738562091504 0.08496732026143791
0 0.3684640522875817 0.8145424836601307 0.12254901960784315 0.12581699346405228
0 0.3831699346405229 0.7410130718954249 0.06372549019607843 0.05392156862745098
0 0.2630718954248366 0.8316993464052288 0.08496732026143791 0.09477124183006536
0 0.16748366013071897 0.8031045751633987 0.06045751633986928 0.04738562091503268
0 0.25980392156862747 0.7491830065359477 0.07189542483660132 0.07679738562091504
0 0.35375816993464054 0.6887254901960784 0.09967320261437909 0.11601307189542484
0 0.25163398692810457 0.6519607843137255 0.16666666666666669 0.08169934640522876
0 0.18300653594771243 0.7205882352941176 0.06862745098039216 0.08169934640522876
0 0.125 0.7606209150326798 0.06372549019607843 0.07026143790849673
0 0.10294117647058824 0.6813725490196079 0.13071895424836602 0.10457516339869281
0 0.05065359477124183 0.6290849673202614 0.06535947712418301 0.08496732026143791
0 0.18382352941176472 0.5841503267973857 0.10294117647058824 0.10947712418300654
0 0.09558823529411765 0.5514705882352942 0.1454248366013072 0.12581699346405228
0 0.2761437908496732 0.5187908496732027 0.06862745098039216 0.12254901960784315
0 0.3643790849673203 0.45996732026143794 0.12091503267973856 0.16176470588235295
0 0.4877450980392157 0.4754901960784314 0.07026143790849673 0.08823529411764706
0 0.19771241830065361 0.4852941176470588 0.08823529411764706 0.10130718954248366
0 0.12663398692810457 0.440359477124183 0.11274509803921569 0.08660130718954248
0 0.04084967320261438 0.40931372549019607 0.08169934640522876 0.11601307189542484
0 0.2434640522875817 0.40931372549019607 0.12091503267973856 0.08660130718954248
0 0.5245098039215687 0.3880718954248366 0.13398692810457516 0.08986928104575163
0 0.4485294117647059 0.33169934640522875 0.09313725490196079 0.08823529411764706
0 0.3709150326797386 0.2965686274509804 0.09477124183006536 0.09313725490196079
0 0.25653594771241833 0.32026143790849676 0.12091503267973856 0.10784313725490197
0 0.14297385620915032 0.3047385620915033 0.10294117647058824 0.09640522875816994
0 0.0784313725490196 0.3464052287581699 0.06209150326797386 0.06535947712418301
0 0.17238562091503268 0.36356209150326796 0.04738562091503268 0.03104575163398693
0 0.4714052287581699 0.28513071895424835 0.05065359477124183 0.05392156862745098
0 0.5016339869281046 0.2238562091503268 0.058823529411764705 0.07516339869281045
0 0.41339869281045755 0.21160130718954248 0.11764705882352941 0.09313725490196079
0 0.34558823529411764 0.18709150326797386 0.09640522875816994 0.10620915032679738
0 0.21650326797385622 0.16911764705882354 0.07026143790849673 0.08006535947712419
0 0.16176470588235295 0.14869281045751634 0.049019607843137254 0.058823529411764705
0 0.21650326797385622 0.09967320261437909 0.06699346405228758 0.05228758169934641
0 0.30800653594771243 0.06127450980392157 0.07679738562091504 0.06045751633986928
0 0.41339869281045755 0.06209150326797386 0.12745098039215685 0.11111111111111112
0 0.4950980392156863 0.13725490196078433 0.11111111111111112 0.10457516339869281
