0 0.5049019607843137 0.03676470588235294 0.10457516339869281 0.06372549019607843
0 0.6405228758169935 0.07107843137254902 0.09150326797385622 0.09967320261437909
0 0.5465686274509804 0.10375816993464053 0.13562091503267976 0.09640522875816994
0 0.6650326797385621 0.18055555555555555 0.11437908496732027 0.119281045751634
0 0.553921568627451 0.21977124183006536 0.10784313725490197 0.12581699346405228
0 0.5228758169934641 0.1715686274509804 0.03594771241830066 0.05555555555555556
0 0.7745098039215687 0.18300653594771243 0.06209150326797386 0.08496732026143791
0 0.6952614379084967 0.25326797385620914 0.11274509803921569 0.09477124183006536
0 0.8169934640522876 0.22058823529411764 0.08496732026143791 0.07516339869281045
0 0.8619281045751634 0.2581699346405229 0.09313725490196079 0.11111111111111112
0 0.7867647058823529 0.3284313725490196 0.10947712418300654 0.09477124183006536
0 0.7295751633986929 0.3790849673202614 0.04738562091503268 0.04575163398692811
0 0.6200980392156863 0.37336601307189543 0.14215686274509803 0.1454248366013072
0 0.8202614379084967 0.3978758169934641 0.07516339869281045 0.06699346405228758
0 0.9240196078431373 0.41421568627450983 0.10620915032679738 0.12581699346405228
0 0.7393790849673203 0.45915032679738566 0.09313725490196079 0.13071895424836602
0 0.8774509803921569 0.5277777777777778 0.09150326797385622 0.12418300653594772
0 0.9477124183006537 0.5081699346405228 0.06209150326797386 0.06535947712418301
0 0.9656862745098039 0.5465686274509804 0.05228758169934641 0.10620915032679738
0 0.7998366013071896 0.5580065359477124 0.08986928104575163 0.08333333333333334
0 0.928921568627451 0.5800653594771242 0.04084967320261438 0.0392156862745098
0 0.613562091503268 0.5179738562091504 0.12254901960784315 0.12745098039215685
0 0.7099673202614379 0.5588235294117647 0.07679738562091504 0.08496732026143791
0 0.9362745098039216 0.30228758169934644 0.049019607843137254 0.08823529411764706
0 0.732843137254902 0.6339869281045751 0.11601307189542484 0.09803921568627451
0 0.8251633986928105 0.6560457516339869 0.07189542483660132 0.11601307189542484
0 0.8921568627450981 0.6699346405228759 0.05228758169934641 0.09803921568627451
0 0.9362745098039216 0.6478758169934641 0.08496732026143791 0.10947712418300654
0 0.8766339869281046 0.7222222222222222 0.06045751633986928 0.0784313725490196
0 0.7720588235294118 0.6977124183006537 0.04411764705882353 0.05555555555555556
0 0.6625816993464052 0.7107843137254902 0.11601307189542484 0.10457516339869281
0 0.7516339869281046 0.7663398692810458 0.11437908496732027 0.08169934640522876
0 0.8333333333333334 0.7581699346405228 0.06209150326797386 0.06862745098039216
0 0.8602941176470589 0.7949346405228759 0.06045751633986928 0.06699346405228758
0 0.7295751633986929 0.8431372549019608 0.09313725490196079 0.08496732026143791
0 0.6045751633986929 0.7696078431372549 0.058823529411764705 0.08169934640522876
0 0.6200980392156863 0.8480392156862745 0.12581699346405228 0.08169934640522876
0 0.6446078431372549 0.9044117647058824 0.06372549019607843 0.057189542483660136
0 0.7124183006535948 0.9158496732026145 0.07189542483660132 0.06045751633986928
0 0.5457516339869282 0.7614379084967321 0.06862745098039216 0.11111111111111112
0 0.5285947712418301 0.8823529411764706 0.07026143790849673 0.10457516339869281
0 0.5751633986928105 0.9436274509803921 0.07189542483660132 0.08006535947712419
0 0.4681372549019608 0.9076797385620915 0.05065359477124183 0.07026143790849673
0 0.5294117647058824 0.6691176470588236 0.09150326797385622 0.06045751633986928
0 0.42401960784313725 0.9517973856209151 0.09313725490196079 0.07026143790849673
0 0.48447712418300654 0.8120915032679739 0.08006535947712419 0.10457516339869281
0 0.4428104575163399 0.6748366013071896 0.08496732026143791 0.07189542483660132
0 0.4305555555555556 0.7549019607843137 0.07679738562091504 0.09803921568627451
0 0.3970588235294118 0.8921568627450981 0.09803921568627451 0.11437908496732027
0 0.3415032679738562 0.852124183006536 0.08169934640522876 0.10294117647058824
0 0.3897058823529412 0.7949346405228759 0.024509803921568627 0.02777777777777778
0 0.47385620915032683 0.573529411764706 0.11111111111111112 0.13398692810457516
0 0.34477124183006536 0.7434640522875817 0.10130718954248366 0.10784313725490197
0 0.33415032679738566 0.6568627450980392 0.09640522875816994 0.08169934640522876
0 0.25245098039215685 0.7426470588235294 0.08006535947712419 0.09640522875816994
0 0.1707516339869281 0.8382352941176471 0.12254901960784315 0.09803921568627451
0 0.184640522875817 0.7401960784313726 0.049019607843137254 0.08496732026143791
0 0.24673202614379086 0.6552287581699346 0.09477124183006536 0.09477124183006536
0 0.18627450980392157 0.6601307189542484 0.06862745098039216 0.08496732026143791
0 0.10620915032679738 0.7418300653594772 0.09150326797385622 0.10130718954248366
0 0.12663398692810457 0.6625816993464052 0.06372549019607843 0.05065359477124183
0 0.3741830065359477 0.5163398692810458 0.14052287581699346 0.11764705882352941
0 0.3243464052287582 0.5506535947712419 0.08986928104575163 0.07516339869281045
0 0.428921568627451 0.4550653594771242 0.04084967320261438 0.08333333333333334
0 0.20751633986928106 0.5375816993464052 0.1568627450980392 0.14052287581699346
0 0.0661764705882353 0.5751633986928105 0.12254901960784315 0.15359477124183007
0 0.11519607843137256 0.4166666666666667 0.08986928104575163 0.10784313725490197
0 0.22222222222222224 0.4109477124183007 0.11437908496732027 0.10620915032679738
0 0.32026143790849676 0.4035947712418301 0.08496732026143791 0.13071895424836602
0 0.3872549019607843 0.37826797385620914 0.06535947712418301 0.06045751633986928
0 0.46568627450980393 0.34477124183006536 0.09150326797385622 0.10130718954248366
0 0.049836601307189546 0.3602941176470588 0.06699346405228758 0.08333333333333334
0 0.16094771241830066 0.3415032679738562 0.07352941176470588 0.0784313725490196
0 0.375 0.30718954248366015 0.057189542483660136 0.06535947712418301
0 0.244281045751634 0.315359477124183 0.09967320261437909 0.09477124183006536
0 0.4387254901960784 0.2769607843137255 0.08660130718954248 0.07026143790849673
0 0.32679738562091504 0.2638888888888889 0.11111111111111112 0.09313725490196079
0 0.16748366013071897 0.2450980392156863 0.12254901960784315 0.12418300653594772
0 0.08333333333333334 0.27369281045751637 0.06862745098039216 0.119281045751634
0 0.4207516339869281 0.12663398692810457 0.11601307189542484 0.1650326797385621
0 0.3235294117647059 0.07598039215686275 0.10130718954248366 0.07679738562091504
0 0.28022875816993464 0.16013071895424838 0.12254901960784315 0.13071895424836602
0 0.2107843137254902 0.11437908496732027 0.07516339869281045 0.07189542483660132
