0 0.5473856209150327 0.08823529411764706 0.12091503267973856 0.06862745098039216
0 0.5637254901960784 0.02696078431372549 0.03594771241830066 0.04411764705882353
0 0.607843137254902 0.03022875816993464 0.06862745098039216 0.04738562091503268
0 0.6601307189542484 0.08251633986928104 0.06209150326797386 0.05065359477124183
0 0.7491830065359477 0.1053921568627451 0.12908496732026145 0.08660130718954248
0 0.6748366013071896 0.18382352941176472 0.11764705882352941 0.10947712418300654
0 0.5678104575163399 0.21160130718954248 0.13562091503267976 0.14215686274509803
0 0.47794117647058826 0.22303921568627452 0.09967320261437909 0.10294117647058824
0 0.7148692810457516 0.22222222222222224 0.057189542483660136 0.042483660130718956
0 0.7475490196078431 0.21241830065359477 0.04084967320261438 0.08169934640522876
0 0.8145424836601307 0.18627450980392157 0.11274509803921569 0.12745098039215685
0 0.8668300653594772 0.244281045751634 0.07679738562091504 0.07352941176470588
0 0.7524509803921569 0.28758169934640526 0.057189542483660136 0.06862745098039216
0 0.6151960784313726 0.36356209150326796 0.12254901960784315 0.1323529411764706
0 0.7892156862745098 0.33905228758169936 0.07189542483660132 0.06699346405228758
0 0.9550653594771242 0.3472222222222222 0.05065359477124183 0.057189542483660136
0 0.852124183006536 0.3888888888888889 0.12581699346405228 0.1568627450980392
0 0.9362745098039216 0.4150326797385621 0.05555555555555556 0.06862745098039216
0 0.9665032679738562 0.45833333333333337 0.04411764705882353 0.05065359477124183
0 0.7720588235294118 0.45915032679738566 0.10294117647058824 0.16339869281045752
0 0.5808823529411765 0.45996732026143794 0.09313725490196079 0.10294117647058824
0 0.678921568627451 0.5130718954248367 0.10294117647058824 0.058823529411764705
0 0.8946078431372549 0.5073529411764706 0.11601307189542484 0.12908496732026145
0 0.9689542483660131 0.5367647058823529 0.049019607843137254 0.12908496732026145
0 0.934640522875817 0.5620915032679739 0.05555555555555556 0.05555555555555556
0 0.8137254901960784 0.5433006535947713 0.06209150326797386 0.04411764705882353
0 0.6331699346405228 0.5620915032679739 0.119281045751634 0.07189542483660132
0 0.7222222222222222 0.6127450980392157 0.08823529411764706 0.07189542483660132
0 0.8006535947712419 0.6127450980392157 0.07189542483660132 0.08169934640522876
0 0.8553921568627452 0.5874183006535948 0.057189542483660136 0.057189542483660136
0 0.8741830065359477 0.6609477124183006 0.06209150326797386 0.10620915032679738
0 0.9313725490196079 0.6699346405228759 0.06209150326797386 0.08169934640522876
0 0.8316993464052288 0.6772875816993464 0.05555555555555556 0.04084967320261438
0 0.8423202614379085 0.7181372549019608 0.06699346405228758 0.05392156862745098
0 0.9142156862745099 0.7426470588235294 0.04411764705882353 0.07026143790849673
0 0.6160130718954249 0.6266339869281046 0.049019607843137254 0.057189542483660136
0 0.7116013071895425 0.7050653594771242 0.119281045751634 0.11274509803921569
0 0.7393790849673203 0.7785947712418301 0.07352941176470588 0.06045751633986928
0 0.8333333333333334 0.7892156862745098 0.11111111111111112 0.09150326797385622
0 0.5433006535947713 0.613562091503268 0.09640522875816994 0.10620915032679738
0 0.5465686274509804 0.6838235294117647 0.04411764705882353 0.03431372549019608
0 0.5547385620915033 0.7230392156862745 0.03431372549019608 0.05065359477124183
0 0.6348039215686274 0.7647058823529412 0.12581699346405228 0.16339869281045752
0 0.7393790849673203 0.8946078431372549 0.10294117647058824 0.08333333333333334
0 0.5939542483660131 0.8496732026143791 0.06045751633986928 0.058823529411764705
0 0.6282679738562091 0.9117647058823529 0.07679738562091504 0.05555555555555556
0 0.6862745098039216 0.9240196078431373 0.0392156862745098 0.06372549019607843
0 0.5465686274509804 0.9076797385620915 0.06372549019607843 0.07352941176470588
0 0.573529411764706 0.9632352941176471 0.11764705882352941 0.05392156862745098
0 0.45996732026143794 0.9558823529411765 0.07026143790849673 0.06535947712418301
0 0.4109477124183007 0.8872549019607844 0.10294117647058824 0.13071895424836602
0 0.3480392156862745 0.8488562091503268 0.06862745098039216 0.08006535947712419
0 0.36601307189542487 0.9632352941176471 0.07516339869281045 0.04411764705882353
0 0.5122549019607844 0.8267973856209151 0.11601307189542484 0.13725490196078433
0 0.4714052287581699 0.7508169934640523 0.09967320261437909 0.10294117647058824
0 0.4820261437908497 0.6748366013071896 0.06535947712418301 0.058823529411764705
0 0.4624183006535948 0.6062091503267975 0.06862745098039216 0.07516339869281045
0 0.3970588235294118 0.7524509803921569 0.05228758169934641 0.05392156862745098
0 0.33496732026143794 0.75 0.08823529411764706 0.09803921568627451
0 0.2549019607843137 0.7459150326797386 0.08169934640522876 0.10294117647058824
0 0.14705882352941177 0.8276143790849674 0.049019607843137254 0.05065359477124183
0 0.1527777777777778 0.7549019607843137 0.10294117647058824 0.08823529411764706
0 0.28513071895424835 0.6503267973856209 0.08006535947712419 0.08496732026143791
0 0.22957516339869283 0.6699346405228759 0.07679738562091504 0.08496732026143791
0 0.09395424836601307 0.6723856209150327 0.12908496732026145 0.10620915032679738
0 0.18872549019607843 0.6527777777777778 0.07026143790849673 0.10294117647058824
0 0.17647058823529413 0.5931372549019608 0.08823529411764706 0.0784313725490196
0 0.21160130718954248 0.5163398692810458 0.07026143790849673 0.10457516339869281
0 0.09885620915032681 0.5473856209150327 0.11601307189542484 0.13725490196078433
0 0.03022875816993464 0.5179738562091504 0.05065359477124183 0.1568627450980392
0 0.2949346405228758 0.5326797385620915 0.11601307189542484 0.17320261437908496
0 0.3888888888888889 0.5032679738562091 0.07189542483660132 0.06209150326797386
0 0.47058823529411764 0.4714052287581699 0.12418300653594772 0.10947712418300654
0 0.49101307189542487 0.3978758169934641 0.06045751633986928 0.04738562091503268
0 0.47794117647058826 0.34885620915032683 0.08333333333333334 0.06372549019607843
0 0.4754901960784314 0.2826797385620915 0.08496732026143791 0.06862745098039216
0 0.4158496732026144 0.4011437908496732 0.09640522875816994 0.08660130718954248
0 0.3513071895424837 0.4419934640522876 0.049019607843137254 0.057189542483660136
0 0.32516339869281047 0.3962418300653595 0.07516339869281045 0.10294117647058824
0 0.2508169934640523 0.40441176470588236 0.08333333333333334 0.07026143790849673
0 0.13562091503267976 0.4223856209150327 0.14052287581699346 0.11601307189542484
0 0.031862745098039214 0.40931372549019607 0.05392156862745098 0.07352941176470588
0 0.035130718954248366 0.35784313725490197 0.04411764705882353 0.0392156862745098
0 0.12990196078431374 0.315359477124183 0.119281045751634 0.11437908496732027
0 0.2540849673202614 0.31699346405228757 0.09967320261437909 0.10130718954248366
0 0.2973856209150327 0.25653594771241833 0.042483660130718956 0.0392156862745098
0 0.18218954248366015 0.2434640522875817 0.07352941176470588 0.10130718954248366
0 0.12336601307189543 0.184640522875817 0.06699346405228758 0.06535947712418301
0 0.3504901960784314 0.1854575163398693 0.10947712418300654 0.119281045751634
0 0.2181372549019608 0.1576797385620915 0.07352941176470588 0.09640522875816994
0 0.33169934640522875 0.08741830065359478 0.10130718954248366 0.09640522875816994
0 0.43300653594771243 0.05473856209150327 0.08496732026143791 0.08660130718954248
