0 0.509765625 0.03125 0.11328125 0.0625
0 0.623046875 0.05859375 0.06640625 0.078125
0 0.55078125 0.09765625 0.1328125 0.09375
0 0.6796875 0.09375 0.0390625 0.0390625
0 0.6640625 0.17578125 0.109375 0.109375
0 0.69140625 0.25390625 0.125 0.1015625
0 0.7734375 0.169921875 0.0546875 0.05078125
0 0.8046875 0.21484375 0.09375 0.078125
0 0.859375 0.2578125 0.078125 0.09375
0 0.91015625 0.27734375 0.03125 0.046875
0 0.939453125 0.306640625 0.05078125 0.06640625
0 0.78515625 0.31640625 0.109375 0.078125
0 0.923828125 0.4140625 0.10546875 0.125
0 0.822265625 0.392578125 0.08984375 0.07421875
0 0.728515625 0.375 0.05859375 0.046875
0 0.521484375 0.16796875 0.04296875 0.0703125
0 0.55859375 0.21484375 0.0859375 0.09375
0 0.619140625 0.37109375 0.12890625 0.140625
0 0.732421875 0.453125 0.08984375 0.109375
0 0.873046875 0.51953125 0.07421875 0.109375
0 0.94140625 0.505859375 0.0703125 0.06640625
0 0.970703125 0.541015625 0.05078125 0.07421875
0 0.923828125 0.576171875 0.05078125 0.04296875
0 0.9375 0.640625 0.0859375 0.109375
0 0.892578125 0.669921875 0.04296875 0.07421875
0 0.798828125 0.55078125 0.08203125 0.078125
0 0.70703125 0.5546875 0.0859375 0.0859375
0 0.73046875 0.630859375 0.109375 0.08203125
0 0.82421875 0.6484375 0.0703125 0.1171875
0 0.873046875 0.71875 0.05859375 0.0703125
0 0.822265625 0.76171875 0.04296875 0.0546875
0 0.771484375 0.6953125 0.05859375 0.0625
0 0.859375 0.791015625 0.0703125 0.07421875
0 0.666015625 0.7109375 0.12109375 0.109375
0 0.61328125 0.51171875 0.125 0.1328125
0 0.60546875 0.60546875 0.0625 0.046875
0 0.75390625 0.76171875 0.109375 0.0703125
0 0.666015625 0.791015625 0.05078125 0.05078125
0 0.72265625 0.83984375 0.0859375 0.0859375
0 0.64453125 0.900390625 0.0390625 0.04296875
0 0.572265625 0.935546875 0.08203125 0.08203125
0 0.619140625 0.84375 0.11328125 0.0859375
0 0.529296875 0.87890625 0.05859375 0.09375
0 0.55078125 0.759765625 0.0703125 0.12109375
0 0.41796875 0.94921875 0.0859375 0.0703125
0 0.46875 0.904296875 0.0546875 0.08203125
0 0.52734375 0.66796875 0.1015625 0.0625
0 0.48046875 0.80859375 0.078125 0.1015625
0 0.39453125 0.888671875 0.1015625 0.10546875
0 0.427734375 0.751953125 0.07421875 0.08984375
0 0.3359375 0.84765625 0.078125 0.09375
0 0.44140625 0.671875 0.078125 0.0703125
0 0.517578125 0.60546875 0.05078125 0.0625
0 0.474609375 0.568359375 0.08203125 0.12890625
0 0.171875 0.83203125 0.125 0.0859375
0 0.341796875 0.744140625 0.08984375 0.09765625
0 0.251953125 0.736328125 0.08203125 0.08984375
0 0.1875 0.73828125 0.0546875 0.1015625
0 0.103515625 0.73828125 0.08984375 0.09375
0 0.333984375 0.65625 0.09765625 0.0703125
0 0.24609375 0.650390625 0.0859375 0.08984375
0 0.181640625 0.654296875 0.05078125 0.07421875
0 0.125 0.654296875 0.0703125 0.06640625
0 0.203125 0.541015625 0.15625 0.14453125
0 0.365234375 0.515625 0.13671875 0.1171875
0 0.427734375 0.453125 0.07421875 0.0859375
0 0.068359375 0.572265625 0.12109375 0.15234375
0 0.462890625 0.33984375 0.08984375 0.09375
0 0.435546875 0.267578125 0.08984375 0.08203125
0 0.3125 0.39453125 0.0703125 0.1171875
0 0.390625 0.373046875 0.0859375 0.05859375
0 0.21875 0.41015625 0.1171875 0.1015625
0 0.109375 0.416015625 0.0703125 0.09765625
0 0.048828125 0.34765625 0.07421875 0.09375
0 0.087890625 0.2734375 0.06640625 0.125
0 0.16015625 0.333984375 0.0703125 0.07421875
0 0.166015625 0.24609375 0.11328125 0.1171875
0 0.2421875 0.306640625 0.1015625 0.10546875
0 0.32421875 0.2578125 0.109375 0.0859375
0 0.41796875 0.125 0.1171875 0.171875
0 0.322265625 0.072265625 0.08203125 0.06640625
0 0.275390625 0.15625 0.11328125 0.1328125
0 0.20703125 0.111328125 0.078125 0.06640625
