0 0.548202614379085 0.04493464052287582 0.09313725490196079 0.08006535947712419
0 0.6225490196078431 0.0784313725490196 0.0784313725490196 0.07189542483660132
0 0.5964052287581699 0.13316993464052287 0.04575163398692811 0.05392156862745098
0 0.7410130718954249 0.09313725490196079 0.1323529411764706 0.10130718954248366
0 0.8055555555555556 0.18382352941176472 0.12091503267973856 0.12908496732026145
0 0.6699346405228759 0.18709150326797386 0.09150326797385622 0.08660130718954248
0 0.5996732026143791 0.2312091503267974 0.0784313725490196 0.09313725490196079
0 0.7459150326797386 0.3014705882352941 0.09640522875816994 0.15522875816993464
0 0.8848039215686275 0.2034313725490196 0.05065359477124183 0.07352941176470588
0 0.9084967320261438 0.26715686274509803 0.07189542483660132 0.05065359477124183
0 0.9362745098039216 0.3431372549019608 0.06862745098039216 0.09477124183006536
0 0.8553921568627452 0.3897058823529412 0.11274509803921569 0.14869281045751634
0 0.9411764705882353 0.41421568627450983 0.08169934640522876 0.07679738562091504
0 0.7843137254901961 0.45833333333333337 0.08823529411764706 0.14215686274509803
0 0.6633986928104575 0.3978758169934641 0.07516339869281045 0.08986928104575163
0 0.6102941176470589 0.35375816993464054 0.07679738562091504 0.09640522875816994
0 0.9763071895424837 0.4542483660130719 0.03431372549019608 0.05555555555555556
0 0.9027777777777778 0.4950980392156863 0.08333333333333334 0.10784313725490197
0 0.9746732026143791 0.5416666666666666 0.04738562091503268 0.10294117647058824
0 0.5915032679738562 0.45996732026143794 0.08496732026143791 0.10947712418300654
0 0.6854575163398693 0.5081699346405228 0.119281045751634 0.08496732026143791
0 0.8137254901960784 0.5457516339869282 0.10457516339869281 0.09150326797385622
0 0.9272875816993464 0.5661764705882353 0.06045751633986928 0.07352941176470588
0 0.8611111111111112 0.5898692810457516 0.03594771241830066 0.03594771241830066
0 0.6348039215686274 0.5645424836601307 0.1388888888888889 0.06699346405228758
0 0.7990196078431373 0.6241830065359477 0.12091503267973856 0.08823529411764706
0 0.9240196078431373 0.6691176470588236 0.08986928104575163 0.119281045751634
0 0.8390522875816994 0.6968954248366013 0.08660130718954248 0.07352941176470588
0 0.7205882352941176 0.7083333333333334 0.14379084967320263 0.1388888888888889
0 0.6258169934640523 0.6397058823529412 0.08823529411764706 0.09313725490196079
0 0.863562091503268 0.7802287581699346 0.10947712418300654 0.09640522875816994
0 0.7720588235294118 0.8080065359477124 0.07352941176470588 0.08333333333333334
0 0.8251633986928105 0.8586601307189543 0.04575163398692811 0.05392156862745098
0 0.5334967320261438 0.6258169934640523 0.09967320261437909 0.10784313725490197
0 0.46568627450980393 0.6143790849673203 0.0392156862745098 0.042483660130718956
0 0.5032679738562091 0.6862745098039216 0.10457516339869281 0.07189542483660132
0 0.5645424836601307 0.7287581699346406 0.05392156862745098 0.058823529411764705
0 0.6323529411764706 0.7655228758169935 0.11111111111111112 0.1454248366013072
0 0.7450980392156863 0.9052287581699346 0.08169934640522876 0.058823529411764705
0 0.667483660130719 0.9313725490196079 0.08986928104575163 0.08496732026143791
0 0.6037581699346405 0.883169934640523 0.07026143790849673 0.11274509803921569
0 0.5825163398692811 0.9632352941176471 0.08006535947712419 0.05065359477124183
0 0.4754901960784314 0.9738562091503268 0.11764705882352941 0.04575163398692811
0 0.36601307189542487 0.9640522875816994 0.09803921568627451 0.0392156862745098
0 0.5049019607843137 0.7532679738562091 0.06535947712418301 0.058823529411764705
0 0.5220588235294118 0.8316993464052288 0.11601307189542484 0.12745098039215685
0 0.41830065359477125 0.8897058823529412 0.08169934640522876 0.11274509803921569
0 0.37173202614379086 0.8218954248366014 0.10947712418300654 0.10784313725490197
0 0.2638888888888889 0.8439542483660131 0.057189542483660136 0.05392156862745098
0 0.33415032679738566 0.7540849673202614 0.06045751633986928 0.06699346405228758
0 0.38643790849673204 0.7450980392156863 0.06045751633986928 0.05228758169934641
0 0.4436274509803922 0.7573529411764706 0.06045751633986928 0.057189542483660136
0 0.3627450980392157 0.6797385620915033 0.07516339869281045 0.0784313725490196
0 0.2589869281045752 0.75 0.07679738562091504 0.09803921568627451
0 0.14460784313725492 0.7589869281045751 0.08986928104575163 0.08333333333333334
0 0.18300653594771243 0.7205882352941176 0.042483660130718956 0.06209150326797386
0 0.0857843137254902 0.744281045751634 0.04084967320261438 0.03431372549019608
0 0.10049019607843138 0.6772875816993464 0.1323529411764706 0.10947712418300654
0 0.25326797385620914 0.6535947712418301 0.15359477124183007 0.09150326797385622
0 0.04738562091503268 0.6290849673202614 0.058823529411764705 0.05555555555555556
0 0.18627450980392157 0.5906862745098039 0.10784313725490197 0.10620915032679738
0 0.28513071895424835 0.5285947712418301 0.09640522875816994 0.15522875816993464
0 0.09885620915032681 0.5514705882352942 0.1388888888888889 0.12908496732026145
0 0.022875816993464054 0.5236928104575164 0.042483660130718956 0.119281045751634
0 0.19607843137254902 0.4893790849673203 0.06862745098039216 0.09313725490196079
0 0.04084967320261438 0.40604575163398693 0.07189542483660132 0.10294117647058824
0 0.1323529411764706 0.4387254901960784 0.12745098039215685 0.10294117647058824
0 0.24918300653594772 0.4109477124183007 0.11601307189542484 0.08006535947712419
0 0.35866013071895425 0.4624183006535948 0.10947712418300654 0.1568627450980392
0 0.41748366013071897 0.4011437908496732 0.08006535947712419 0.07352941176470588
0 0.5130718954248367 0.3897058823529412 0.11437908496732027 0.08333333333333334
0 0.1388888888888889 0.3088235294117647 0.12418300653594772 0.12091503267973856
0 0.2540849673202614 0.3194444444444445 0.11274509803921569 0.09967320261437909
0 0.375 0.3014705882352941 0.11601307189542484 0.11274509803921569
0 0.4444444444444445 0.33415032679738566 0.07516339869281045 0.05065359477124183
0 0.47385620915032683 0.28431372549019607 0.0784313725490196 0.0784313725490196
0 0.4901960784313726 0.21895424836601307 0.07516339869281045 0.09477124183006536
0 0.411764705882353 0.20669934640522877 0.08169934640522876 0.07679738562091504
0 0.352124183006536 0.18627450980392157 0.10947712418300654 0.11764705882352941
0 0.47794117647058826 0.12581699346405228 0.06045751633986928 0.06535947712418301
0 0.2173202614379085 0.1642156862745098 0.08169934640522876 0.08660130718954248
0 0.1593137254901961 0.14379084967320263 0.04084967320261438 0.06209150326797386
0 0.22303921568627452 0.10130718954248366 0.06699346405228758 0.04575163398692811
0 0.3357843137254902 0.08986928104575163 0.05392156862745098 0.06535947712418301
0 0.4207516339869281 0.06290849673202614 0.12908496732026145 0.10294117647058824
