0 0.5024509803921569 0.031862745098039214 0.09640522875816994 0.06372549019607843
0 0.5498366013071896 0.10130718954248366 0.1454248366013072 0.10457516339869281
0 0.6462418300653595 0.07189542483660132 0.09640522875816994 0.10130718954248366
0 0.5604575163398693 0.2107843137254902 0.12091503267973856 0.14052287581699346
0 0.6666666666666667 0.17973856209150327 0.12091503267973856 0.12418300653594772
0 0.7369281045751634 0.11111111111111112 0.06535947712418301 0.06862745098039216
0 0.7704248366013072 0.1968954248366013 0.06699346405228758 0.11601307189542484
0 0.6968954248366013 0.25163398692810457 0.08660130718954248 0.0784313725490196
0 0.8259803921568628 0.2238562091503268 0.04738562091503268 0.05228758169934641
0 0.8276143790849674 0.16339869281045752 0.05392156862745098 0.058823529411764705
0 0.8619281045751634 0.2573529411764706 0.09640522875816994 0.119281045751634
0 0.7916666666666667 0.33251633986928103 0.10294117647058824 0.09313725490196079
0 0.9338235294117647 0.29820261437908496 0.057189542483660136 0.09967320261437909
0 0.6168300653594772 0.3709150326797386 0.12908496732026145 0.14379084967320263
0 0.8464052287581699 0.4019607843137255 0.08496732026143791 0.10457516339869281
0 0.9264705882352942 0.4223856209150327 0.09150326797385622 0.10620915032679738
0 0.7418300653594772 0.4607843137254902 0.10457516339869281 0.1568627450980392
0 0.6143790849673203 0.5228758169934641 0.11437908496732027 0.12745098039215685
0 0.7173202614379085 0.559640522875817 0.07189542483660132 0.057189542483660136
0 0.8022875816993464 0.559640522875817 0.08496732026143791 0.08660130718954248
0 0.9477124183006537 0.5073529411764706 0.03594771241830066 0.057189542483660136
0 0.8562091503267975 0.5915032679738562 0.032679738562091505 0.0392156862745098
0 0.9264705882352942 0.4215686274509804 0.09150326797385622 0.10784313725490197
0 0.8815359477124183 0.5261437908496732 0.10947712418300654 0.14052287581699346
0 0.9656862745098039 0.5441176470588236 0.05228758169934641 0.11764705882352941
0 0.9362745098039216 0.6462418300653595 0.08169934640522876 0.11274509803921569
0 0.8880718954248367 0.6650326797385621 0.057189542483660136 0.10457516339869281
0 0.8218954248366014 0.6544117647058824 0.07189542483660132 0.11274509803921569
0 0.7295751633986929 0.6323529411764706 0.12254901960784315 0.10457516339869281
0 0.8774509803921569 0.7271241830065359 0.0392156862745098 0.06862745098039216
0 0.8415032679738562 0.7524509803921569 0.08169934640522876 0.08006535947712419
0 0.7516339869281046 0.7663398692810458 0.10457516339869281 0.08823529411764706
0 0.8594771241830066 0.8047385620915033 0.058823529411764705 0.06045751633986928
0 0.6593137254901961 0.7083333333333334 0.09640522875816994 0.09967320261437909
0 0.6535947712418301 0.7867647058823529 0.08169934640522876 0.07679738562091504
0 0.7303921568627452 0.8455882352941176 0.09150326797385622 0.07026143790849673
0 0.6168300653594772 0.8488562091503268 0.13562091503267976 0.08660130718954248
0 0.7246732026143791 0.9101307189542484 0.08660130718954248 0.06862745098039216
0 0.6397058823529412 0.9076797385620915 0.07679738562091504 0.07679738562091504
0 0.5923202614379085 0.7687908496732027 0.06372549019607843 0.08333333333333334
0 0.5449346405228759 0.8954248366013072 0.11601307189542484 0.11437908496732027
0 0.5334967320261438 0.7663398692810458 0.04084967320261438 0.0784313725490196
0 0.5277777777777778 0.673202614379085 0.09150326797385622 0.07189542483660132
0 0.44526143790849676 0.673202614379085 0.08986928104575163 0.07516339869281045
0 0.42483660130718953 0.7573529411764706 0.06535947712418301 0.09313725490196079
0 0.488562091503268 0.7352941176470589 0.05228758169934641 0.06862745098039216
0 0.4803921568627451 0.8112745098039216 0.06862745098039216 0.09313725490196079
0 0.34477124183006536 0.852124183006536 0.09150326797385622 0.10294117647058824
0 0.4019607843137255 0.8913398692810458 0.10457516339869281 0.1323529411764706
0 0.4305555555555556 0.9501633986928105 0.09313725490196079 0.07679738562091504
0 0.553921568627451 0.5988562091503268 0.042483660130718956 0.05392156862745098
0 0.47385620915032683 0.5759803921568628 0.10457516339869281 0.13562091503267976
0 0.4215686274509804 0.40604575163398693 0.08169934640522876 0.057189542483660136
0 0.4681372549019608 0.3464052287581699 0.08986928104575163 0.11437908496732027
0 0.440359477124183 0.27941176470588236 0.06699346405228758 0.058823529411764705
0 0.45915032679738566 0.22630718954248366 0.07189542483660132 0.07352941176470588
0 0.3431372549019608 0.7516339869281046 0.10457516339869281 0.12091503267973856
0 0.25163398692810457 0.7434640522875817 0.08496732026143791 0.10130718954248366
0 0.16666666666666669 0.8357843137254902 0.11764705882352941 0.10294117647058824
0 0.18627450980392157 0.7377450980392157 0.04575163398692811 0.04411764705882353
0 0.33251633986928103 0.6593137254901961 0.09313725490196079 0.09640522875816994
0 0.10947712418300654 0.7459150326797386 0.08169934640522876 0.08660130718954248
0 0.24183006535947713 0.6560457516339869 0.09477124183006536 0.10294117647058824
0 0.18627450980392157 0.6593137254901961 0.07189542483660132 0.10294117647058824
0 0.0923202614379085 0.6642156862745098 0.06372549019607843 0.06045751633986928
0 0.06535947712418301 0.5825163398692811 0.11437908496732027 0.1388888888888889
0 0.10784313725490197 0.513888888888889 0.042483660130718956 0.04411764705882353
0 0.20179738562091504 0.5367647058823529 0.1454248366013072 0.14869281045751634
0 0.3088235294117647 0.5506535947712419 0.08496732026143791 0.12418300653594772
0 0.3831699346405229 0.513888888888889 0.1454248366013072 0.10294117647058824
0 0.3243464052287582 0.4011437908496732 0.09640522875816994 0.12581699346405228
0 0.22957516339869283 0.4158496732026144 0.09967320261437909 0.09640522875816994
0 0.12663398692810457 0.411764705882353 0.12581699346405228 0.12091503267973856
0 0.16584967320261437 0.34395424836601307 0.07026143790849673 0.07352941176470588
0 0.24918300653594772 0.33333333333333337 0.08333333333333334 0.07516339869281045
0 0.37336601307189543 0.31209150326797386 0.08006535947712419 0.08496732026143791
0 0.04575163398692811 0.3562091503267974 0.058823529411764705 0.08169934640522876
0 0.0784313725490196 0.2826797385620915 0.05228758169934641 0.09477124183006536
0 0.16584967320261437 0.24591503267973858 0.1323529411764706 0.12254901960784315
0 0.32107843137254904 0.26633986928104575 0.10294117647058824 0.08169934640522876
0 0.27532679738562094 0.16176470588235295 0.10620915032679738 0.12745098039215685
0 0.3545751633986928 0.1593137254901961 0.05228758169934641 0.04738562091503268
0 0.3227124183006536 0.07924836601307189 0.11601307189542484 0.08660130718954248
0 0.42483660130718953 0.12336601307189543 0.09477124183006536 0.15849673202614378
0 0.21323529411764708 0.1119281045751634 0.07352941176470588 0.057189542483660136
