0 0.6037581699346405 0.031862745098039214 0.08986928104575163 0.04738562091503268
0 0.5465686274509804 0.0857843137254902 0.12254901960784315 0.08006535947712419
0 0.6593137254901961 0.07924836601307189 0.07026143790849673 0.06045751633986928
0 0.7483660130718954 0.10457516339869281 0.12418300653594772 0.08169934640522876
0 0.6723856209150327 0.18137254901960784 0.12254901960784315 0.11111111111111112
0 0.5629084967320261 0.20915032679738563 0.13562091503267976 0.14379084967320263
0 0.7491830065359477 0.20833333333333334 0.04084967320261438 0.10620915032679738
0 0.7124183006535948 0.22549019607843138 0.0392156862745098 0.032679738562091505
0 0.8145424836601307 0.18382352941176472 0.10947712418300654 0.12581699346405228
0 0.8660130718954249 0.2450980392156863 0.08823529411764706 0.08823529411764706
0 0.755718954248366 0.28594771241830064 0.04411764705882353 0.05555555555555556
0 0.7892156862745098 0.3382352941176471 0.06862745098039216 0.06862745098039216
0 0.6127450980392157 0.36601307189542487 0.12091503267973856 0.13071895424836602
0 0.5784313725490197 0.45588235294117646 0.09150326797385622 0.10784313725490197
0 0.7663398692810458 0.45833333333333337 0.10130718954248366 0.1715686274509804
0 0.8570261437908497 0.3872549019607843 0.12581699346405228 0.14705882352941177
0 0.9305555555555556 0.28513071895424835 0.04411764705882353 0.08660130718954248
0 0.9362745098039216 0.4150326797385621 0.049019607843137254 0.06209150326797386
0 0.9681372549019608 0.4607843137254902 0.04411764705882353 0.042483660130718956
0 0.8880718954248367 0.5106209150326797 0.12254901960784315 0.12581699346405228
0 0.9330065359477124 0.5645424836601307 0.0392156862745098 0.05392156862745098
0 0.9705882352941176 0.542483660130719 0.05555555555555556 0.12745098039215685
0 0.6748366013071896 0.5147058823529412 0.09150326797385622 0.07189542483660132
0 0.8145424836601307 0.5465686274509804 0.03104575163398693 0.03431372549019608
0 0.6323529411764706 0.5629084967320261 0.10457516339869281 0.06372549019607843
0 0.8545751633986929 0.5915032679738562 0.05228758169934641 0.058823529411764705
0 0.8047385620915033 0.6086601307189543 0.06372549019607843 0.07352941176470588
0 0.7230392156862745 0.6168300653594772 0.10294117647058824 0.08660130718954248
0 0.8741830065359477 0.6642156862745098 0.06209150326797386 0.10947712418300654
0 0.9297385620915033 0.6691176470588236 0.05555555555555556 0.07352941176470588
0 0.8398692810457516 0.6772875816993464 0.032679738562091505 0.04084967320261438
0 0.8145424836601307 0.673202614379085 0.03104575163398693 0.03594771241830066
0 0.8415032679738562 0.7254901960784313 0.0784313725490196 0.06209150326797386
0 0.8325163398692811 0.7941176470588236 0.10947712418300654 0.09150326797385622
0 0.6160130718954249 0.6258169934640523 0.0392156862745098 0.04575163398692811
0 0.548202614379085 0.6119281045751634 0.10620915032679738 0.09967320261437909
0 0.7075163398692811 0.7058823529411765 0.11764705882352941 0.10457516339869281
0 0.7434640522875817 0.7802287581699346 0.08169934640522876 0.06045751633986928
0 0.4616013071895425 0.6045751633986929 0.08006535947712419 0.07189542483660132
0 0.4803921568627451 0.6748366013071896 0.049019607843137254 0.05555555555555556
0 0.5375816993464052 0.6740196078431373 0.06862745098039216 0.057189542483660136
0 0.4444444444444445 0.6593137254901961 0.0392156862745098 0.03758169934640523
0 0.6356209150326798 0.7647058823529412 0.12091503267973856 0.1503267973856209
0 0.477124183006536 0.7508169934640523 0.10130718954248366 0.10294117647058824
0 0.5563725490196079 0.7205882352941176 0.03104575163398693 0.04575163398692811
0 0.5122549019607844 0.8251633986928105 0.10294117647058824 0.13398692810457516
0 0.5931372549019608 0.8504901960784313 0.08169934640522876 0.06699346405228758
0 0.6331699346405228 0.9101307189542484 0.09313725490196079 0.06209150326797386
0 0.7418300653594772 0.8986928104575164 0.12091503267973856 0.08496732026143791
0 0.9150326797385622 0.7377450980392157 0.058823529411764705 0.08333333333333334
0 0.5678104575163399 0.9591503267973857 0.12581699346405228 0.049019607843137254
0 0.548202614379085 0.9052287581699346 0.08333333333333334 0.07516339869281045
0 0.4542483660130719 0.9550653594771242 0.09477124183006536 0.06372549019607843
0 0.411764705882353 0.888888888888889 0.10784313725490197 0.13071895424836602
0 0.352124183006536 0.8513071895424836 0.08986928104575163 0.08496732026143791
0 0.39950980392156865 0.7565359477124183 0.04411764705882353 0.05228758169934641
0 0.3382352941176471 0.7516339869281046 0.09477124183006536 0.11111111111111112
0 0.3602941176470588 0.9632352941176471 0.07679738562091504 0.03431372549019608
0 0.14379084967320263 0.8308823529411765 0.058823529411764705 0.07352941176470588
0 0.1568627450980392 0.7540849673202614 0.09803921568627451 0.09313725490196079
0 0.2540849673202614 0.7508169934640523 0.08006535947712419 0.10294117647058824
0 0.09640522875816994 0.6691176470588236 0.12091503267973856 0.10947712418300654
0 0.2303921568627451 0.6683006535947713 0.08169934640522876 0.09477124183006536
0 0.18709150326797386 0.6495098039215687 0.06372549019607843 0.10947712418300654
0 0.29330065359477125 0.6397058823529412 0.04738562091503268 0.06045751633986928
0 0.32107843137254904 0.6642156862745098 0.03431372549019608 0.057189542483660136
0 0.16666666666666669 0.5964052287581699 0.06535947712418301 0.06535947712418301
0 0.09803921568627451 0.5416666666666666 0.11111111111111112 0.1323529411764706
0 0.026143790849673203 0.4869281045751634 0.049019607843137254 0.19934640522875818
0 0.21323529411764708 0.5318627450980392 0.08660130718954248 0.09640522875816994
0 0.29411764705882354 0.5359477124183006 0.11111111111111112 0.17647058823529413
0 0.39215686274509803 0.5040849673202614 0.08169934640522876 0.08006535947712419
0 0.46895424836601307 0.47058823529411764 0.12091503267973856 0.10130718954248366
0 0.41911764705882354 0.3970588235294118 0.09967320261437909 0.08169934640522876
0 0.32516339869281047 0.3978758169934641 0.08169934640522876 0.11274509803921569
0 0.25163398692810457 0.4076797385620915 0.07189542483660132 0.07026143790849673
0 0.13480392156862744 0.4166666666666667 0.14215686274509803 0.11764705882352941
0 0.03839869281045752 0.35784313725490197 0.04084967320261438 0.06209150326797386
0 0.4763071895424837 0.34885620915032683 0.08333333333333334 0.08006535947712419
0 0.3758169934640523 0.303921568627451 0.12091503267973856 0.11111111111111112
0 0.4803921568627451 0.2826797385620915 0.08169934640522876 0.07189542483660132
0 0.25245098039215685 0.3137254901960784 0.08986928104575163 0.10457516339869281
0 0.12826797385620917 0.3178104575163399 0.11601307189542484 0.10947712418300654
0 0.18218954248366015 0.24673202614379086 0.08660130718954248 0.11111111111111112
0 0.30228758169934644 0.26143790849673204 0.042483660130718956 0.05555555555555556
0 0.3504901960784314 0.184640522875817 0.10294117647058824 0.12091503267973856
0 0.47303921568627455 0.22140522875816995 0.09640522875816994 0.09967320261437909
0 0.21568627450980393 0.15441176470588236 0.07189542483660132 0.09313725490196079
0 0.125 0.1911764705882353 0.06045751633986928 0.07189542483660132
0 0.3292483660130719 0.08986928104575163 0.11601307189542484 0.09477124183006536
0 0.2818627450980392 0.15522875816993464 0.03758169934640523 0.04575163398692811
0 0.4354575163398693 0.06290849673202614 0.07026143790849673 0.08660130718954248
