0 0.49673202614379086 0.02777777777777778 0.07189542483660132 0.05228758169934641
0 0.5866013071895425 0.03022875816993464 0.07516339869281045 0.04738562091503268
0 0.5506535947712419 0.09150326797385622 0.14052287581699346 0.09803921568627451
0 0.6568627450980392 0.0727124183006536 0.08496732026143791 0.09313725490196079
0 0.75 0.10620915032679738 0.10130718954248366 0.0784313725490196
0 0.6740196078431373 0.18055555555555555 0.12254901960784315 0.119281045751634
0 0.559640522875817 0.2099673202614379 0.12908496732026145 0.14869281045751634
0 0.7026143790849674 0.24673202614379086 0.058823529411764705 0.049019607843137254
0 0.7630718954248367 0.1985294117647059 0.06535947712418301 0.12908496732026145
0 0.823529411764706 0.1715686274509804 0.0784313725490196 0.09477124183006536
0 0.8627450980392157 0.2573529411764706 0.09803921568627451 0.10947712418300654
0 0.792483660130719 0.33905228758169936 0.08823529411764706 0.08333333333333334
0 0.6143790849673203 0.3700980392156863 0.12745098039215685 0.1388888888888889
0 0.5702614379084967 0.4526143790849673 0.06862745098039216 0.06535947712418301
0 0.7491830065359477 0.4632352941176471 0.10947712418300654 0.16830065359477125
0 0.6633986928104575 0.5147058823529412 0.05228758169934641 0.05228758169934641
0 0.8562091503267975 0.40032679738562094 0.10457516339869281 0.13071895424836602
0 0.8856209150326798 0.5220588235294118 0.12745098039215685 0.13562091503267976
0 0.7990196078431373 0.5694444444444444 0.06209150326797386 0.06699346405228758
0 0.6094771241830066 0.5163398692810458 0.08496732026143791 0.08823529411764706
0 0.7246732026143791 0.6258169934640523 0.12254901960784315 0.10784313725490197
0 0.8186274509803921 0.6527777777777778 0.06535947712418301 0.09967320261437909
0 0.8815359477124183 0.6658496732026143 0.05392156862745098 0.10620915032679738
0 0.9411764705882353 0.6437908496732027 0.07189542483660132 0.08823529411764706
0 0.8455882352941176 0.7467320261437909 0.08986928104575163 0.08823529411764706
0 0.7058823529411765 0.7083333333333334 0.06535947712418301 0.05392156862745098
0 0.6560457516339869 0.6944444444444444 0.05065359477124183 0.05228758169934641
0 0.7475490196078431 0.7736928104575164 0.09313725490196079 0.08006535947712419
0 0.6470588235294118 0.7769607843137255 0.10457516339869281 0.119281045751634
0 0.738562091503268 0.8447712418300654 0.06209150326797386 0.06535947712418301
0 0.7361111111111112 0.9035947712418301 0.10947712418300654 0.08169934640522876
0 0.6397058823529412 0.9060457516339869 0.09313725490196079 0.07679738562091504
0 0.6045751633986929 0.8464052287581699 0.11764705882352941 0.08169934640522876
0 0.5392156862745098 0.9035947712418301 0.10457516339869281 0.10457516339869281
0 0.4362745098039216 0.9493464052287582 0.10784313725490197 0.0784313725490196
0 0.4076797385620915 0.888888888888889 0.10947712418300654 0.13725490196078433
0 0.3496732026143791 0.8488562091503268 0.09150326797385622 0.09967320261437909
0 0.3423202614379085 0.7516339869281046 0.10294117647058824 0.11764705882352941
0 0.41748366013071897 0.7589869281045751 0.04411764705882353 0.05065359477124183
0 0.4820261437908497 0.7508169934640523 0.08169934640522876 0.09640522875816994
0 0.47875816993464054 0.8251633986928105 0.049019607843137254 0.0392156862745098
0 0.5253267973856209 0.8031045751633987 0.05065359477124183 0.04411764705882353
0 0.5743464052287582 0.7704248366013072 0.05065359477124183 0.07679738562091504
0 0.5334967320261438 0.6764705882352942 0.08660130718954248 0.07516339869281045
0 0.4419934640522876 0.6691176470588236 0.07026143790849673 0.06045751633986928
0 0.3300653594771242 0.6633986928104575 0.07189542483660132 0.08823529411764706
0 0.2573529411764706 0.744281045751634 0.08333333333333334 0.09967320261437909
0 0.15359477124183007 0.8325163398692811 0.09803921568627451 0.10294117647058824
0 0.1781045751633987 0.7459150326797386 0.0784313725490196 0.07679738562091504
0 0.10457516339869281 0.7426470588235294 0.05555555555555556 0.07026143790849673
0 0.0923202614379085 0.6650326797385621 0.09967320261437909 0.09477124183006536
0 0.23937908496732027 0.6560457516339869 0.09313725490196079 0.09967320261437909
0 0.184640522875817 0.6527777777777778 0.06862745098039216 0.11601307189542484
0 0.5555555555555556 0.6070261437908497 0.08169934640522876 0.08006535947712419
0 0.47058823529411764 0.5915032679738562 0.10457516339869281 0.11437908496732027
0 0.39133986928104575 0.5081699346405228 0.09967320261437909 0.10130718954248366
0 0.30228758169934644 0.5359477124183006 0.09477124183006536 0.1503267973856209
0 0.20016339869281047 0.5334967320261438 0.119281045751634 0.1323529411764706
0 0.09967320261437909 0.5294117647058824 0.08169934640522876 0.09150326797385622
0 0.056372549019607844 0.5996732026143791 0.07352941176470588 0.06209150326797386
0 0.4575163398692811 0.45996732026143794 0.07189542483660132 0.08660130718954248
0 0.4158496732026144 0.39950980392156865 0.09640522875816994 0.07352941176470588
0 0.32516339869281047 0.39950980392156865 0.09477124183006536 0.12254901960784315
0 0.2361111111111111 0.4166666666666667 0.06699346405228758 0.07516339869281045
0 0.13071895424836602 0.41339869281045755 0.13071895424836602 0.11764705882352941
0 0.1707516339869281 0.34477124183006536 0.04738562091503268 0.06862745098039216
0 0.1119281045751634 0.3243464052287582 0.07026143790849673 0.06372549019607843
0 0.0392156862745098 0.3619281045751634 0.049019607843137254 0.08006535947712419
0 0.25653594771241833 0.315359477124183 0.06209150326797386 0.06862745098039216
0 0.3055555555555556 0.2630718954248366 0.07189542483660132 0.08169934640522876
0 0.37826797385620914 0.3104575163398693 0.10620915032679738 0.09477124183006536
0 0.46977124183006536 0.3472222222222222 0.08660130718954248 0.10294117647058824
0 0.46486928104575165 0.28104575163398693 0.03431372549019608 0.03594771241830066
0 0.1781045751633987 0.2426470588235294 0.11437908496732027 0.12254901960784315
0 0.4607843137254902 0.22303921568627452 0.09150326797385622 0.09967320261437909
0 0.21241830065359477 0.1568627450980392 0.049019607843137254 0.07189542483660132
0 0.2785947712418301 0.1642156862745098 0.07679738562091504 0.11601307189542484
0 0.35294117647058826 0.17320261437908496 0.0784313725490196 0.09477124183006536
0 0.4297385620915033 0.10784313725490197 0.07516339869281045 0.12418300653594772
0 0.3227124183006536 0.08088235294117647 0.11601307189542484 0.09313725490196079
0 0.20506535947712418 0.11601307189542484 0.04738562091503268 0.04575163398692811
0 0.934640522875817 0.2965686274509804 0.058823529411764705 0.11274509803921569
0 0.9714052287581699 0.5433006535947713 0.05392156862745098 0.12581699346405228
0 0.9640522875816994 0.4019607843137255 0.03594771241830066 0.058823529411764705
0 0.9665032679738562 0.46405228758169936 0.04738562091503268 0.0392156862745098
