0 0.5563725490196079 0.03104575163398693 0.05392156862745098 0.04575163398692811
0 0.6168300653594772 0.07679738562091504 0.05392156862745098 0.058823529411764705
0 0.7401960784313726 0.10212418300653595 0.12745098039215685 0.08006535947712419
0 0.5694444444444444 0.08741830065359478 0.05392156862745098 0.06045751633986928
0 0.6601307189542484 0.0857843137254902 0.03594771241830066 0.03431372549019608
0 0.673202614379085 0.184640522875817 0.12091503267973856 0.09477124183006536
0 0.7156862745098039 0.22549019607843138 0.058823529411764705 0.04575163398692811
0 0.8104575163398693 0.18627450980392157 0.11764705882352941 0.12418300653594772
0 0.869281045751634 0.244281045751634 0.05228758169934641 0.06045751633986928
0 0.5669934640522876 0.2173202614379085 0.14379084967320263 0.14052287581699346
0 0.9133986928104575 0.2622549019607843 0.03594771241830066 0.04738562091503268
0 0.7516339869281046 0.3031045751633987 0.07189542483660132 0.1388888888888889
0 0.7916666666666667 0.33986928104575165 0.05065359477124183 0.04575163398692811
0 0.6127450980392157 0.3643790849673203 0.10130718954248366 0.11764705882352941
0 0.8570261437908497 0.3872549019607843 0.12581699346405228 0.14705882352941177
0 0.9444444444444444 0.34558823529411764 0.04575163398692811 0.06699346405228758
0 0.9428104575163399 0.41830065359477125 0.06535947712418301 0.06535947712418301
0 0.7745098039215687 0.45996732026143794 0.09477124183006536 0.1650326797385621
0 0.8970588235294118 0.505718954248366 0.10457516339869281 0.1323529411764706
0 0.5808823529411765 0.4616013071895425 0.09640522875816994 0.11274509803921569
0 0.9738562091503268 0.45669934640522875 0.049019607843137254 0.06045751633986928
0 0.9714052287581699 0.5351307189542484 0.04411764705882353 0.119281045751634
0 0.9297385620915033 0.565359477124183 0.049019607843137254 0.06209150326797386
0 0.8194444444444444 0.5433006535947713 0.08660130718954248 0.06372549019607843
0 0.8643790849673203 0.5882352941176471 0.05228758169934641 0.05228758169934641
0 0.684640522875817 0.5098039215686274 0.10457516339869281 0.06862745098039216
0 0.6372549019607844 0.5629084967320261 0.12091503267973856 0.07026143790849673
0 0.7303921568627452 0.6200980392156863 0.058823529411764705 0.05065359477124183
0 0.7990196078431373 0.6200980392156863 0.09477124183006536 0.07679738562091504
0 0.9313725490196079 0.6707516339869282 0.07516339869281045 0.10947712418300654
0 0.8725490196078431 0.6593137254901961 0.05228758169934641 0.09640522875816994
0 0.8406862745098039 0.6911764705882353 0.06372549019607843 0.0784313725490196
0 0.619281045751634 0.6348039215686274 0.058823529411764705 0.06699346405228758
0 0.7197712418300654 0.7050653594771242 0.13562091503267976 0.12254901960784315
0 0.7377450980392157 0.7810457516339869 0.05065359477124183 0.04575163398692811
0 0.7728758169934641 0.8047385620915033 0.0392156862745098 0.03431372549019608
0 0.8496732026143791 0.7826797385620915 0.13398692810457516 0.09477124183006536
0 0.6364379084967321 0.7663398692810458 0.12254901960784315 0.15359477124183007
0 0.7426470588235294 0.8946078431372549 0.09967320261437909 0.08006535947712419
0 0.6764705882352942 0.934640522875817 0.07189542483660132 0.0784313725490196
0 0.6233660130718954 0.9101307189542484 0.05065359477124183 0.05228758169934641
0 0.5964052287581699 0.8545751633986929 0.049019607843137254 0.04575163398692811
0 0.5187908496732027 0.8300653594771242 0.11601307189542484 0.13725490196078433
0 0.5612745098039216 0.7230392156862745 0.04084967320261438 0.05392156862745098
0 0.5441176470588236 0.9125816993464052 0.029411764705882353 0.04411764705882353
0 0.5816993464052288 0.9607843137254902 0.13398692810457516 0.05228758169934641
0 0.4624183006535948 0.954248366013072 0.05555555555555556 0.05228758169934641
0 0.4158496732026144 0.8905228758169935 0.08986928104575163 0.13071895424836602
0 0.3700980392156863 0.9648692810457516 0.10294117647058824 0.05392156862745098
0 0.369281045751634 0.8063725490196079 0.058823529411764705 0.057189542483660136
0 0.3382352941176471 0.7516339869281046 0.0784313725490196 0.08823529411764706
0 0.3929738562091503 0.7549019607843137 0.05065359477124183 0.06535947712418301
0 0.4632352941176471 0.7532679738562091 0.09967320261437909 0.09150326797385622
0 0.49183006535947715 0.6764705882352942 0.08496732026143791 0.06535947712418301
0 0.4632352941176471 0.6119281045751634 0.057189542483660136 0.07352941176470588
0 0.5457516339869282 0.613562091503268 0.10784313725490197 0.08986928104575163
0 0.4722222222222222 0.47875816993464054 0.12418300653594772 0.11437908496732027
0 0.4991830065359477 0.39542483660130723 0.08660130718954248 0.058823529411764705
0 0.41339869281045755 0.40522875816993464 0.09150326797385622 0.08169934640522876
0 0.4820261437908497 0.33986928104575165 0.06862745098039216 0.0392156862745098
0 0.4763071895424837 0.2785947712418301 0.08333333333333334 0.08006535947712419
0 0.48366013071895425 0.22549019607843138 0.09150326797385622 0.09477124183006536
0 0.37826797385620914 0.30228758169934644 0.119281045751634 0.11437908496732027
0 0.2549019607843137 0.7491830065359477 0.08169934640522876 0.09640522875816994
0 0.1519607843137255 0.7549019607843137 0.09477124183006536 0.09477124183006536
0 0.09395424836601307 0.667483660130719 0.12908496732026145 0.10947712418300654
0 0.21568627450980393 0.684640522875817 0.049019607843137254 0.058823529411764705
0 0.184640522875817 0.6568627450980392 0.06862745098039216 0.08823529411764706
0 0.27369281045751637 0.6503267973856209 0.11601307189542484 0.09150326797385622
0 0.29330065359477125 0.5310457516339869 0.10620915032679738 0.16666666666666669
0 0.17892156862745098 0.5931372549019608 0.09967320261437909 0.08169934640522876
0 0.10049019607843138 0.548202614379085 0.12254901960784315 0.1323529411764706
0 0.02696078431372549 0.5261437908496732 0.05065359477124183 0.1568627450980392
0 0.20833333333333334 0.5073529411764706 0.06372549019607843 0.10620915032679738
0 0.3602941176470588 0.45669934640522875 0.09313725490196079 0.10620915032679738
0 0.33251633986928103 0.3897058823529412 0.06699346405228758 0.08986928104575163
0 0.25163398692810457 0.4076797385620915 0.09477124183006536 0.06372549019607843
0 0.13643790849673204 0.4297385620915033 0.13562091503267976 0.12091503267973856
0 0.04411764705882353 0.4011437908496732 0.049019607843137254 0.09967320261437909
0 0.2540849673202614 0.31699346405228757 0.10947712418300654 0.10457516339869281
0 0.13398692810457516 0.31209150326797386 0.12418300653594772 0.11437908496732027
0 0.18627450980392157 0.24183006535947713 0.06535947712418301 0.09150326797385622
0 0.34885620915032683 0.19035947712418302 0.10620915032679738 0.12254901960784315
0 0.22058823529411764 0.15849673202614378 0.0784313725490196 0.11111111111111112
0 0.33169934640522875 0.09150326797385622 0.09150326797385622 0.09150326797385622
0 0.42728758169934644 0.06127450980392157 0.09967320261437909 0.09313725490196079
