0 0.5449346405228759 0.04738562091503268 0.119281045751634 0.08496732026143791
0 0.6241830065359477 0.0784313725490196 0.0784313725490196 0.07516339869281045
0 0.5947712418300654 0.13725490196078433 0.049019607843137254 0.10130718954248366
0 0.6666666666666667 0.13071895424836602 0.049019607843137254 0.05228758169934641
0 0.7410130718954249 0.09313725490196079 0.119281045751634 0.07516339869281045
0 0.6601307189542484 0.17973856209150327 0.058823529411764705 0.058823529411764705
0 0.6111111111111112 0.2377450980392157 0.08496732026143791 0.06372549019607843
0 0.7998366013071896 0.1781045751633987 0.11274509803921569 0.12745098039215685
0 0.744281045751634 0.303921568627451 0.08660130718954248 0.16013071895424838
0 0.8872549019607844 0.2034313725490196 0.07516339869281045 0.07026143790849673
0 0.9093137254901961 0.2687908496732026 0.07352941176470588 0.04738562091503268
0 0.9321895424836601 0.33905228758169936 0.07026143790849673 0.08986928104575163
0 0.8496732026143791 0.3872549019607843 0.09803921568627451 0.13725490196078433
0 0.7908496732026145 0.45098039215686275 0.08496732026143791 0.12091503267973856
0 0.6666666666666667 0.3946078431372549 0.10457516339869281 0.11274509803921569
0 0.6013071895424836 0.3513071895424837 0.058823529411764705 0.05555555555555556
0 0.5220588235294118 0.3897058823529412 0.12254901960784315 0.08660130718954248
0 0.5931372549019608 0.4575163398692811 0.09150326797385622 0.11437908496732027
0 0.6854575163398693 0.5049019607843137 0.12254901960784315 0.07516339869281045
0 0.8218954248366014 0.5416666666666666 0.13071895424836602 0.09313725490196079
0 0.9068627450980392 0.49754901960784315 0.06862745098039216 0.07679738562091504
0 0.9779411764705883 0.46405228758169936 0.03758169934640523 0.04575163398692811
0 0.9754901960784313 0.5441176470588236 0.042483660130718956 0.10457516339869281
0 0.928921568627451 0.5604575163398693 0.06372549019607843 0.06862745098039216
0 0.6331699346405228 0.5620915032679739 0.1519607843137255 0.08496732026143791
0 0.798202614379085 0.6266339869281046 0.1323529411764706 0.09640522875816994
0 0.923202614379085 0.6723856209150327 0.10130718954248366 0.12908496732026145
0 0.8415032679738562 0.6968954248366013 0.09477124183006536 0.07026143790849673
0 0.5294117647058824 0.625 0.09477124183006536 0.09967320261437909
0 0.625 0.6429738562091504 0.10294117647058824 0.10620915032679738
0 0.7214052287581699 0.7124183006535948 0.1454248366013072 0.14052287581699346
0 0.8651960784313726 0.7777777777777778 0.10620915032679738 0.09803921568627451
0 0.7720588235294118 0.8071895424836601 0.09640522875816994 0.09803921568627451
0 0.823529411764706 0.8570261437908497 0.06862745098039216 0.06372549019607843
0 0.5130718954248367 0.690359477124183 0.11764705882352941 0.07352941176470588
0 0.5678104575163399 0.7312091503267975 0.04738562091503268 0.05392156862745098
0 0.6225490196078431 0.7647058823529412 0.09477124183006536 0.12418300653594772
0 0.6813725490196079 0.8047385620915033 0.042483660130718956 0.04411764705882353
0 0.5261437908496732 0.7679738562091504 0.13398692810457516 0.09150326797385622
0 0.5187908496732027 0.8586601307189543 0.09640522875816994 0.07352941176470588
0 0.5964052287581699 0.8905228758169935 0.08823529411764706 0.12418300653594772
0 0.6691176470588236 0.9321895424836601 0.09967320261437909 0.10294117647058824
0 0.7491830065359477 0.9101307189542484 0.057189542483660136 0.049019607843137254
0 0.5522875816993464 0.9477124183006537 0.06209150326797386 0.0784313725490196
0 0.5906862745098039 0.9705882352941176 0.04738562091503268 0.03594771241830066
0 0.477124183006536 0.9714052287581699 0.11111111111111112 0.04084967320261438
0 0.37663398692810457 0.9370915032679739 0.06045751633986928 0.05392156862745098
0 0.41911764705882354 0.8880718954248367 0.08006535947712419 0.09313725490196079
0 0.37336601307189543 0.8186274509803921 0.119281045751634 0.12418300653594772
0 0.4338235294117647 0.7581699346405228 0.03758169934640523 0.04575163398692811
0 0.38153594771241833 0.7410130718954249 0.057189542483660136 0.057189542483660136
0 0.2622549019607843 0.8333333333333334 0.07352941176470588 0.09477124183006536
0 0.26062091503267976 0.7549019607843137 0.07679738562091504 0.09150326797385622
0 0.1772875816993464 0.8071895424836601 0.04738562091503268 0.05555555555555556
0 0.1323529411764706 0.7622549019607844 0.07189542483660132 0.08006535947712419
0 0.18218954248366015 0.7197712418300654 0.06372549019607843 0.08006535947712419
0 0.3570261437908497 0.6944444444444444 0.09313725490196079 0.10457516339869281
0 0.25245098039215685 0.6552287581699346 0.16176470588235295 0.09150326797385622
0 0.10457516339869281 0.6862745098039216 0.12745098039215685 0.11437908496732027
0 0.05065359477124183 0.6290849673202614 0.058823529411764705 0.08823529411764706
0 0.18872549019607843 0.5882352941176471 0.10947712418300654 0.10457516339869281
0 0.09885620915032681 0.5531045751633987 0.1454248366013072 0.12581699346405228
0 0.28104575163398693 0.5228758169934641 0.08496732026143791 0.14052287581699346
0 0.021241830065359478 0.49836601307189543 0.042483660130718956 0.04575163398692811
0 0.04738562091503268 0.4934640522875817 0.03594771241830066 0.026143790849673203
0 0.19934640522875818 0.48447712418300654 0.08169934640522876 0.09640522875816994
0 0.3651960784313726 0.46486928104575165 0.119281045751634 0.15849673202614378
0 0.4444444444444445 0.5171568627450981 0.04575163398692811 0.04411764705882353
0 0.4763071895424837 0.47303921568627455 0.08986928104575163 0.08660130718954248
0 0.42483660130718953 0.3978758169934641 0.06535947712418301 0.057189542483660136
0 0.24836601307189543 0.40931372549019607 0.12418300653594772 0.08986928104575163
0 0.1315359477124183 0.4395424836601307 0.11601307189542484 0.09803921568627451
0 0.042483660130718956 0.411764705882353 0.07189542483660132 0.12091503267973856
0 0.07598039215686275 0.3562091503267974 0.05065359477124183 0.058823529411764705
0 0.14215686274509803 0.30718954248366015 0.10784313725490197 0.10457516339869281
0 0.25571895424836605 0.32026143790849676 0.12254901960784315 0.10784313725490197
0 0.37254901960784315 0.29901960784313725 0.10457516339869281 0.09803921568627451
0 0.4485294117647059 0.33169934640522875 0.08660130718954248 0.08169934640522876
0 0.4722222222222222 0.2908496732026144 0.06535947712418301 0.06535947712418301
0 0.5 0.22549019607843138 0.06862745098039216 0.08169934640522876
0 0.4166666666666667 0.21486928104575165 0.11111111111111112 0.08660130718954248
0 0.34558823529411764 0.1854575163398693 0.09967320261437909 0.11274509803921569
0 0.2173202614379085 0.16584967320261437 0.0784313725490196 0.09313725490196079
0 0.15441176470588236 0.1519607843137255 0.04411764705882353 0.049019607843137254
0 0.21568627450980393 0.10049019607843138 0.07189542483660132 0.06372549019607843
0 0.3088235294117647 0.06535947712418301 0.06862745098039216 0.058823529411764705
0 0.49264705882352944 0.1388888888888889 0.10620915032679738 0.09803921568627451
0 0.4166666666666667 0.06781045751633988 0.13071895424836602 0.11601307189542484
