0 0.542483660130719 0.04493464052287582 0.12418300653594772 0.08986928104575163
0 0.6217320261437909 0.07434640522875817 0.08660130718954248 0.07352941176470588
0 0.5931372549019608 0.13725490196078433 0.058823529411764705 0.11111111111111112
0 0.6642156862745098 0.14297385620915032 0.07352941176470588 0.09640522875816994
0 0.7450980392156863 0.08823529411764706 0.11437908496732027 0.06535947712418301
0 0.7998366013071896 0.17892156862745098 0.10620915032679738 0.12254901960784315
0 0.8815359477124183 0.19934640522875818 0.06372549019607843 0.08169934640522876
0 0.6119281045751634 0.23284313725490197 0.07679738562091504 0.08006535947712419
0 0.7450980392156863 0.3047385620915033 0.08823529411764706 0.14869281045751634
0 0.9084967320261438 0.2638888888888889 0.06862745098039216 0.04084967320261438
0 0.8537581699346406 0.3880718954248366 0.09313725490196079 0.12581699346405228
0 0.9313725490196079 0.3357843137254902 0.07516339869281045 0.09313725490196079
0 0.9330065359477124 0.41339869281045755 0.10457516339869281 0.07516339869281045
0 0.6740196078431373 0.3888888888888889 0.119281045751634 0.12745098039215685
0 0.7875816993464052 0.4493464052287582 0.07516339869281045 0.10457516339869281
0 0.9379084967320261 0.5098039215686274 0.058823529411764705 0.06862745098039216
0 0.9779411764705883 0.5343137254901961 0.03758169934640523 0.08823529411764706
0 0.9240196078431373 0.5645424836601307 0.06699346405228758 0.06045751633986928
0 0.9599673202614379 0.6037581699346405 0.05065359477124183 0.06372549019607843
0 0.5931372549019608 0.45915032679738566 0.08169934640522876 0.11437908496732027
0 0.6862745098039216 0.5073529411764706 0.13071895424836602 0.08006535947712419
0 0.7393790849673203 0.5506535947712419 0.04411764705882353 0.049019607843137254
0 0.8251633986928105 0.5392156862745098 0.13398692810457516 0.09803921568627451
0 0.6323529411764706 0.5661764705882353 0.15359477124183007 0.08006535947712419
0 0.792483660130719 0.6299019607843137 0.13398692810457516 0.09967320261437909
0 0.9199346405228759 0.6691176470588236 0.09477124183006536 0.14215686274509803
0 0.5294117647058824 0.6331699346405228 0.10130718954248366 0.09967320261437909
0 0.6258169934640523 0.6446078431372549 0.11437908496732027 0.10947712418300654
0 0.7230392156862745 0.7083333333333334 0.1519607843137255 0.14215686274509803
0 0.8357843137254902 0.7058823529411765 0.09313725490196079 0.08169934640522876
0 0.8643790849673203 0.7785947712418301 0.09150326797385622 0.09313725490196079
0 0.7704248366013072 0.8055555555555556 0.10294117647058824 0.10457516339869281
0 0.5147058823529412 0.6887254901960784 0.11764705882352941 0.07026143790849673
0 0.5702614379084967 0.7361111111111112 0.042483660130718956 0.057189542483660136
0 0.6233660130718954 0.7630718954248367 0.07352941176470588 0.10457516339869281
0 0.6805555555555556 0.8031045751633987 0.05392156862745098 0.06045751633986928
0 0.8202614379084967 0.8562091503267975 0.06862745098039216 0.06862745098039216
0 0.5269607843137255 0.7671568627450981 0.1388888888888889 0.08986928104575163
0 0.6699346405228759 0.9281045751633987 0.09803921568627451 0.09150326797385622
0 0.5947712418300654 0.8929738562091504 0.08496732026143791 0.12908496732026145
0 0.5294117647058824 0.8537581699346406 0.049019607843137254 0.04084967320261438
0 0.548202614379085 0.9460784313725491 0.08006535947712419 0.09150326797385622
0 0.4746732026143791 0.9714052287581699 0.12254901960784315 0.04738562091503268
0 0.3758169934640523 0.9436274509803921 0.07189542483660132 0.07352941176470588
0 0.4215686274509804 0.8823529411764706 0.07189542483660132 0.08496732026143791
0 0.3700980392156863 0.8145424836601307 0.11601307189542484 0.12254901960784315
0 0.26552287581699346 0.8300653594771242 0.10294117647058824 0.11111111111111112
0 0.16584967320261437 0.7990196078431373 0.06699346405228758 0.058823529411764705
0 0.119281045751634 0.7573529411764706 0.05555555555555556 0.06372549019607843
0 0.3839869281045752 0.7410130718954249 0.058823529411764705 0.04738562091503268
0 0.2647058823529412 0.7508169934640523 0.06535947712418301 0.07352941176470588
0 0.18627450980392157 0.7205882352941176 0.08169934640522876 0.0784313725490196
0 0.3480392156862745 0.6944444444444444 0.11437908496732027 0.11111111111111112
0 0.24836601307189543 0.6462418300653595 0.1568627450980392 0.08660130718954248
0 0.10294117647058824 0.678921568627451 0.13071895424836602 0.10620915032679738
0 0.05310457516339869 0.630718954248366 0.07026143790849673 0.08169934640522876
0 0.19035947712418302 0.5841503267973857 0.10294117647058824 0.11274509803921569
0 0.09722222222222222 0.5514705882352942 0.1454248366013072 0.11274509803921569
0 0.0392156862745098 0.4950980392156863 0.058823529411764705 0.058823529411764705
0 0.27369281045751637 0.5163398692810458 0.07026143790849673 0.11111111111111112
0 0.19771241830065361 0.477124183006536 0.09477124183006536 0.10457516339869281
0 0.125 0.4354575163398693 0.09313725490196079 0.06372549019607843
0 0.04166666666666667 0.40931372549019607 0.08333333333333334 0.12254901960784315
0 0.4901960784313726 0.4795751633986928 0.05555555555555556 0.07026143790849673
0 0.36601307189542487 0.4616013071895425 0.13071895424836602 0.16830065359477125
0 0.2450980392156863 0.4166666666666667 0.11764705882352941 0.08823529411764706
0 0.1715686274509804 0.3651960784313726 0.04575163398692811 0.04411764705882353
0 0.07679738562091504 0.34558823529411764 0.06209150326797386 0.07026143790849673
0 0.14297385620915032 0.30228758169934644 0.10294117647058824 0.09150326797385622
0 0.25245098039215685 0.31699346405228757 0.119281045751634 0.10130718954248366
0 0.3553921568627451 0.3611111111111111 0.05392156862745098 0.032679738562091505
0 0.5269607843137255 0.38480392156862747 0.12908496732026145 0.09313725490196079
0 0.45016339869281047 0.3300653594771242 0.10294117647058824 0.09803921568627451
0 0.37254901960784315 0.29820261437908496 0.09150326797385622 0.09967320261437909
0 0.4673202614379085 0.28104575163398693 0.04575163398692811 0.04575163398692811
0 0.5228758169934641 0.2761437908496732 0.058823529411764705 0.05228758169934641
0 0.5032679738562091 0.22630718954248366 0.06209150326797386 0.06045751633986928
0 0.41830065359477125 0.21241830065359477 0.12745098039215685 0.08823529411764706
0 0.33986928104575165 0.18218954248366015 0.09150326797385622 0.09313725490196079
0 0.21650326797385622 0.1650326797385621 0.06699346405228758 0.08169934640522876
0 0.16176470588235295 0.14787581699346405 0.05228758169934641 0.05065359477124183
0 0.2181372549019608 0.09640522875816994 0.07026143790849673 0.049019607843137254
0 0.4991830065359477 0.1388888888888889 0.12581699346405228 0.10784313725490197
0 0.41339869281045755 0.06127450980392157 0.12091503267973856 0.119281045751634
0 0.309640522875817 0.06699346405228758 0.08006535947712419 0.06209150326797386
