0 0.5531045751633987 0.0392156862745098 0.08660130718954248 0.0784313725490196
0 0.6209150326797386 0.07679738562091504 0.07189542483660132 0.07189542483660132
0 0.7369281045751634 0.08986928104575163 0.14379084967320263 0.10784313725490197
0 0.6723856209150327 0.184640522875817 0.10947712418300654 0.09150326797385622
0 0.5678104575163399 0.22222222222222224 0.12908496732026145 0.12745098039215685
0 0.7189542483660131 0.22303921568627452 0.0392156862745098 0.04411764705882353
0 0.8055555555555556 0.17973856209150327 0.12091503267973856 0.13725490196078433
0 0.7491830065359477 0.3014705882352941 0.08986928104575163 0.14215686274509803
0 0.8880718954248367 0.20179738562091504 0.05065359477124183 0.06699346405228758
0 0.9101307189542484 0.26143790849673204 0.06209150326797386 0.04575163398692811
0 0.6584967320261438 0.39950980392156865 0.04575163398692811 0.06372549019607843
0 0.613562091503268 0.3611111111111111 0.09313725490196079 0.10130718954248366
0 0.9395424836601307 0.34395424836601307 0.058823529411764705 0.08006535947712419
0 0.8553921568627452 0.39133986928104575 0.11274509803921569 0.1519607843137255
0 0.7777777777777778 0.45915032679738566 0.09150326797385622 0.1503267973856209
0 0.8986928104575164 0.49836601307189543 0.09150326797385622 0.11111111111111112
0 0.940359477124183 0.41421568627450983 0.07352941176470588 0.07026143790849673
0 0.9754901960784313 0.45179738562091504 0.04575163398692811 0.05392156862745098
0 0.9714052287581699 0.5392156862745098 0.04411764705882353 0.11437908496732027
0 0.9297385620915033 0.5645424836601307 0.058823529411764705 0.06699346405228758
0 0.8627450980392157 0.5906862745098039 0.042483660130718956 0.04411764705882353
0 0.8178104575163399 0.5449346405228759 0.10947712418300654 0.07679738562091504
0 0.6862745098039216 0.5073529411764706 0.11437908496732027 0.07026143790849673
0 0.5816993464052288 0.45915032679738566 0.09803921568627451 0.10457516339869281
0 0.7990196078431373 0.6209150326797386 0.10784313725490197 0.08823529411764706
0 0.6331699346405228 0.5637254901960784 0.13562091503267976 0.06862745098039216
0 0.8668300653594772 0.6470588235294118 0.05065359477124183 0.06209150326797386
0 0.9264705882352942 0.6699346405228759 0.0784313725490196 0.10784313725490197
0 0.8390522875816994 0.6887254901960784 0.07679738562091504 0.07679738562091504
0 0.6241830065359477 0.6339869281045751 0.08169934640522876 0.09150326797385622
0 0.5359477124183006 0.6200980392156863 0.09803921568627451 0.09967320261437909
0 0.46568627450980393 0.613562091503268 0.05228758169934641 0.057189542483660136
0 0.5 0.6797385620915033 0.09477124183006536 0.06862745098039216
0 0.5612745098039216 0.7222222222222222 0.04738562091503268 0.05228758169934641
0 0.6323529411764706 0.7671568627450981 0.11764705882352941 0.15522875816993464
0 0.7189542483660131 0.7058823529411765 0.14052287581699346 0.13398692810457516
0 0.8570261437908497 0.7810457516339869 0.12581699346405228 0.10457516339869281
0 0.7704248366013072 0.8071895424836601 0.07026143790849673 0.07189542483660132
0 0.7377450980392157 0.8995098039215687 0.08333333333333334 0.06699346405228758
0 0.6658496732026143 0.934640522875817 0.09313725490196079 0.09803921568627451
0 0.6070261437908497 0.8799019607843137 0.06045751633986928 0.08006535947712419
0 0.5857843137254902 0.9648692810457516 0.08333333333333334 0.05065359477124183
0 0.49101307189542487 0.9722222222222222 0.06372549019607843 0.0392156862745098
0 0.440359477124183 0.9754901960784313 0.04411764705882353 0.03594771241830066
0 0.3709150326797386 0.9648692810457516 0.09477124183006536 0.04738562091503268
0 0.5171568627450981 0.8267973856209151 0.12254901960784315 0.13725490196078433
0 0.4166666666666667 0.8913398692810458 0.08823529411764706 0.11601307189542484
0 0.369281045751634 0.821078431372549 0.09803921568627451 0.09967320261437909
0 0.5008169934640523 0.75 0.05392156862745098 0.042483660130718956
0 0.4477124183006536 0.7581699346405228 0.06862745098039216 0.06209150326797386
0 0.39215686274509803 0.7524509803921569 0.058823529411764705 0.057189542483660136
0 0.33251633986928103 0.75 0.06699346405228758 0.07516339869281045
0 0.3619281045751634 0.6821895424836601 0.057189542483660136 0.06699346405228758
0 0.26062091503267976 0.7491830065359477 0.07352941176470588 0.09967320261437909
0 0.14787581699346405 0.7581699346405228 0.09640522875816994 0.08823529411764706
0 0.07924836601307189 0.7377450980392157 0.024509803921568627 0.03104575163398693
0 0.09967320261437909 0.6748366013071896 0.12745098039215685 0.10784313725490197
0 0.1707516339869281 0.6658496732026143 0.03431372549019608 0.04411764705882353
0 0.25571895424836605 0.6535947712418301 0.1454248366013072 0.09803921568627451
0 0.1911764705882353 0.6331699346405228 0.029411764705882353 0.024509803921568627
0 0.18382352941176472 0.5898692810457516 0.10294117647058824 0.09477124183006536
0 0.04166666666666667 0.6266339869281046 0.05392156862745098 0.04411764705882353
0 0.286764705882353 0.5269607843137255 0.09967320261437909 0.15522875816993464
0 0.3553921568627451 0.4624183006535948 0.09313725490196079 0.14379084967320263
0 0.46895424836601307 0.4803921568627451 0.12745098039215685 0.11111111111111112
0 0.4166666666666667 0.3978758169934641 0.08823529411764706 0.08333333333333334
0 0.513888888888889 0.39052287581699346 0.10620915032679738 0.07516339869281045
0 0.09885620915032681 0.5490196078431373 0.1323529411764706 0.12418300653594772
0 0.022875816993464054 0.5212418300653595 0.04575163398692811 0.13725490196078433
0 0.20261437908496732 0.4893790849673203 0.058823529411764705 0.08986928104575163
0 0.04166666666666667 0.4019607843137255 0.07352941176470588 0.10130718954248366
0 0.13398692810457516 0.4305555555555556 0.13071895424836602 0.10620915032679738
0 0.2508169934640523 0.40931372549019607 0.10947712418300654 0.08333333333333334
0 0.33415032679738566 0.3758169934640523 0.04738562091503268 0.042483660130718956
0 0.4428104575163399 0.3357843137254902 0.042483660130718956 0.03758169934640523
0 0.4722222222222222 0.2818627450980392 0.08496732026143791 0.07679738562091504
0 0.375 0.3014705882352941 0.119281045751634 0.11274509803921569
0 0.25653594771241833 0.3161764705882353 0.12091503267973856 0.09640522875816994
0 0.13398692810457516 0.30718954248366015 0.12418300653594772 0.12418300653594772
0 0.18300653594771243 0.2377450980392157 0.04575163398692811 0.057189542483660136
0 0.4861111111111111 0.22549019607843138 0.09313725490196079 0.08823529411764706
0 0.4158496732026144 0.20833333333333334 0.04738562091503268 0.06045751633986928
0 0.3464052287581699 0.18627450980392157 0.10457516339869281 0.11437908496732027
0 0.21405228758169936 0.1593137254901961 0.0784313725490196 0.09640522875816994
0 0.14133986928104575 0.1593137254901961 0.07026143790849673 0.08660130718954248
0 0.3300653594771242 0.08905228758169935 0.0784313725490196 0.08986928104575163
0 0.4199346405228758 0.059640522875817 0.12418300653594772 0.09640522875816994
0 0.4746732026143791 0.12418300653594772 0.04411764705882353 0.042483660130718956
0 0.4869281045751634 0.014705882352941176 0.06535947712418301 0.0196078431372549
