0 0.4387254901960784 0.0727124183006536 0.06045751633986928 0.08986928104575163
0 0.5506535947712419 0.08660130718954248 0.13398692810457516 0.08823529411764706
0 0.5988562091503268 0.028594771241830068 0.08986928104575163 0.05392156862745098
0 0.6576797385620915 0.08006535947712419 0.08006535947712419 0.06535947712418301
0 0.7532679738562091 0.1053921568627451 0.11764705882352941 0.08660130718954248
0 0.673202614379085 0.184640522875817 0.12745098039215685 0.11437908496732027
0 0.5612745098039216 0.21241830065359477 0.1323529411764706 0.15359477124183007
0 0.4681372549019608 0.21650326797385622 0.09967320261437909 0.09313725490196079
0 0.4754901960784314 0.27941176470588236 0.06862745098039216 0.05555555555555556
0 0.477124183006536 0.3562091503267974 0.08496732026143791 0.08169934640522876
0 0.755718954248366 0.20669934640522877 0.05065359477124183 0.12254901960784315
0 0.8194444444444444 0.184640522875817 0.09313725490196079 0.12745098039215685
0 0.8660130718954249 0.2508169934640523 0.09150326797385622 0.09640522875816994
0 0.7900326797385621 0.3374183006535948 0.08333333333333334 0.07679738562091504
0 0.6143790849673203 0.3684640522875817 0.11764705882352941 0.1388888888888889
0 0.8545751633986929 0.3962418300653595 0.12745098039215685 0.14869281045751634
0 0.934640522875817 0.4158496732026144 0.03594771241830066 0.05392156862745098
0 0.9338235294117647 0.29983660130718953 0.04084967320261438 0.08333333333333334
0 0.7565359477124183 0.45588235294117646 0.11111111111111112 0.17320261437908496
0 0.8864379084967321 0.5171568627450981 0.12581699346405228 0.13562091503267976
0 0.9681372549019608 0.4575163398692811 0.06045751633986928 0.04575163398692811
0 0.9689542483660131 0.5416666666666666 0.05555555555555556 0.119281045751634
0 0.9387254901960784 0.5694444444444444 0.02777777777777778 0.03758169934640523
0 0.8513071895424836 0.5874183006535948 0.049019607843137254 0.057189542483660136
0 0.7892156862745098 0.5669934640522876 0.05228758169934641 0.04575163398692811
0 0.5743464052287582 0.45996732026143794 0.08333333333333334 0.09313725490196079
0 0.6748366013071896 0.5155228758169935 0.07516339869281045 0.05392156862745098
0 0.6364379084967321 0.5678104575163399 0.08660130718954248 0.05392156862745098
0 0.7222222222222222 0.6217320261437909 0.11764705882352941 0.09313725490196079
0 0.8022875816993464 0.6119281045751634 0.03594771241830066 0.04411764705882353
0 0.8129084967320261 0.6666666666666667 0.04084967320261438 0.05555555555555556
0 0.8782679738562091 0.6650326797385621 0.06045751633986928 0.11437908496732027
0 0.9452614379084968 0.638888888888889 0.06372549019607843 0.05228758169934641
0 0.9199346405228759 0.7352941176470589 0.058823529411764705 0.09150326797385622
0 0.8439542483660131 0.7352941176470589 0.08006535947712419 0.08169934640522876
0 0.8316993464052288 0.7990196078431373 0.09803921568627451 0.09803921568627451
0 0.7075163398692811 0.7066993464052288 0.09477124183006536 0.08986928104575163
0 0.7434640522875817 0.7785947712418301 0.08823529411764706 0.07026143790849673
0 0.6397058823529412 0.7663398692810458 0.12254901960784315 0.14379084967320263
0 0.7410130718954249 0.8398692810457516 0.03758169934640523 0.04575163398692811
0 0.7426470588235294 0.8937908496732027 0.11274509803921569 0.08496732026143791
0 0.6315359477124183 0.9076797385620915 0.09313725490196079 0.07679738562091504
0 0.5694444444444444 0.9599673202614379 0.10947712418300654 0.05392156862745098
0 0.44526143790849676 0.9566993464052288 0.09967320261437909 0.07026143790849673
0 0.41013071895424835 0.8913398692810458 0.10457516339869281 0.1388888888888889
0 0.35294117647058826 0.8529411764705883 0.0784313725490196 0.08169934640522876
0 0.5955882352941176 0.8480392156862745 0.08986928104575163 0.07189542483660132
0 0.5179738562091504 0.8071895424836601 0.09803921568627451 0.08823529411764706
0 0.5457516339869282 0.9101307189542484 0.08823529411764706 0.09477124183006536
0 0.47794117647058826 0.7491830065359477 0.08986928104575163 0.10947712418300654
0 0.5106209150326797 0.8619281045751634 0.07026143790849673 0.04411764705882353
0 0.40522875816993464 0.7614379084967321 0.049019607843137254 0.05228758169934641
0 0.5367647058823529 0.6715686274509804 0.08006535947712419 0.07189542483660132
0 0.4763071895424837 0.6740196078431373 0.04084967320261438 0.04084967320261438
0 0.440359477124183 0.6625816993464052 0.03758169934640523 0.04411764705882353
0 0.46405228758169936 0.6062091503267975 0.08169934640522876 0.08823529411764706
0 0.5522875816993464 0.607843137254902 0.10457516339869281 0.08823529411764706
0 0.46486928104575165 0.4665032679738562 0.10294117647058824 0.09313725490196079
0 0.45016339869281047 0.5236928104575164 0.03758169934640523 0.04084967320261438
0 0.41748366013071897 0.4019607843137255 0.09640522875816994 0.0784313725490196
0 0.39215686274509803 0.5049019607843137 0.08169934640522876 0.08496732026143791
0 0.3374183006535948 0.755718954248366 0.09640522875816994 0.12254901960784315
0 0.3227124183006536 0.6650326797385621 0.05065359477124183 0.08169934640522876
0 0.2957516339869281 0.5343137254901961 0.10130718954248366 0.17320261437908496
0 0.25326797385620914 0.7483660130718954 0.06862745098039216 0.09803921568627451
0 0.14787581699346405 0.8284313725490197 0.07026143790849673 0.08169934640522876
0 0.16094771241830066 0.7532679738562091 0.09640522875816994 0.09150326797385622
0 0.09395424836601307 0.667483660130719 0.12254901960784315 0.11274509803921569
0 0.23447712418300654 0.6658496732026143 0.08660130718954248 0.09640522875816994
0 0.18790849673202614 0.6503267973856209 0.06862745098039216 0.11437908496732027
0 0.2042483660130719 0.5359477124183006 0.09803921568627451 0.11111111111111112
0 0.09885620915032681 0.5433006535947713 0.10947712418300654 0.12581699346405228
0 0.03022875816993464 0.505718954248366 0.05065359477124183 0.1388888888888889
0 0.13643790849673204 0.4223856209150327 0.1454248366013072 0.11601307189542484
0 0.24754901960784315 0.4027777777777778 0.06699346405228758 0.06372549019607843
0 0.3243464052287582 0.40032679738562094 0.08986928104575163 0.12091503267973856
0 0.37745098039215685 0.30637254901960786 0.11764705882352941 0.10947712418300654
0 0.25326797385620914 0.309640522875817 0.0784313725490196 0.09313725490196079
0 0.125 0.3243464052287582 0.10620915032679738 0.09313725490196079
0 0.04166666666666667 0.35866013071895425 0.04084967320261438 0.06699346405228758
0 0.18218954248366015 0.244281045751634 0.09967320261437909 0.119281045751634
0 0.21650326797385622 0.15522875816993464 0.06699346405228758 0.08496732026143791
0 0.30228758169934644 0.2622549019607843 0.042483660130718956 0.06372549019607843
0 0.12581699346405228 0.18055555555555555 0.06209150326797386 0.08006535947712419
0 0.28022875816993464 0.15114379084967322 0.057189542483660136 0.06699346405228758
0 0.3513071895424837 0.18137254901960784 0.09477124183006536 0.11111111111111112
0 0.33088235294117646 0.08169934640522876 0.12581699346405228 0.09477124183006536
