0 0.49264705882352944 0.022875816993464054 0.08333333333333334 0.04575163398692811
0 0.5996732026143791 0.028594771241830068 0.08823529411764706 0.04738562091503268
0 0.5473856209150327 0.09068627450980392 0.14052287581699346 0.10294117647058824
0 0.6584967320261438 0.08006535947712419 0.08496732026143791 0.07516339869281045
0 0.7491830065359477 0.10866013071895425 0.11601307189542484 0.08333333333333334
0 0.673202614379085 0.18709150326797386 0.12745098039215685 0.12581699346405228
0 0.559640522875817 0.21160130718954248 0.12908496732026145 0.1519607843137255
0 0.7565359477124183 0.2042483660130719 0.058823529411764705 0.13398692810457516
0 0.823529411764706 0.18709150326797386 0.08823529411764706 0.12581699346405228
0 0.8660130718954249 0.25245098039215685 0.09803921568627451 0.10620915032679738
0 0.7900326797385621 0.3382352941176471 0.08006535947712419 0.07189542483660132
0 0.6127450980392157 0.375 0.12091503267973856 0.1519607843137255
0 0.7573529411764706 0.45996732026143794 0.10947712418300654 0.1715686274509804
0 0.8529411764705883 0.3946078431372549 0.12091503267973856 0.14215686274509803
0 0.9330065359477124 0.29330065359477125 0.05228758169934641 0.09640522875816994
0 0.9338235294117647 0.41339869281045755 0.03758169934640523 0.05228758169934641
0 0.9714052287581699 0.45996732026143794 0.05392156862745098 0.03758169934640523
0 0.8880718954248367 0.5171568627450981 0.12581699346405228 0.1388888888888889
0 0.9681372549019608 0.5449346405228759 0.05392156862745098 0.119281045751634
0 0.9370915032679739 0.5620915032679739 0.01797385620915033 0.03594771241830066
0 0.7941176470588236 0.5669934640522876 0.06209150326797386 0.05228758169934641
0 0.8513071895424836 0.5923202614379085 0.05228758169934641 0.057189542483660136
0 0.5767973856209151 0.4607843137254902 0.0784313725490196 0.08823529411764706
0 0.6699346405228759 0.5155228758169935 0.07189542483660132 0.057189542483660136
0 0.6094771241830066 0.5212418300653595 0.05555555555555556 0.042483660130718956
0 0.6356209150326798 0.571078431372549 0.07516339869281045 0.04738562091503268
0 0.940359477124183 0.6372549019607844 0.06045751633986928 0.07189542483660132
0 0.8790849673202614 0.6658496732026143 0.05555555555555556 0.11274509803921569
0 0.8137254901960784 0.6650326797385621 0.05228758169934641 0.06209150326797386
0 0.7263071895424836 0.6217320261437909 0.12908496732026145 0.09967320261437909
0 0.8088235294117647 0.6094771241830066 0.03594771241830066 0.03594771241830066
0 0.8455882352941176 0.7401960784313726 0.08660130718954248 0.09477124183006536
0 0.9191176470588236 0.7434640522875817 0.06045751633986928 0.10130718954248366
0 0.7034313725490197 0.7099673202614379 0.09313725490196079 0.08006535947712419
0 0.744281045751634 0.7785947712418301 0.09313725490196079 0.07679738562091504
0 0.6405228758169935 0.7704248366013072 0.12745098039215685 0.1454248366013072
0 0.7418300653594772 0.8423202614379085 0.04575163398692811 0.05065359477124183
0 0.7410130718954249 0.9003267973856209 0.12581699346405228 0.08169934640522876
0 0.6004901960784313 0.8496732026143791 0.10294117647058824 0.07189542483660132
0 0.6339869281045751 0.9084967320261438 0.09477124183006536 0.08496732026143791
0 0.5375816993464052 0.9035947712418301 0.09803921568627451 0.09150326797385622
0 0.5645424836601307 0.9673202614379085 0.10294117647058824 0.058823529411764705
0 0.4109477124183007 0.8954248366013072 0.10947712418300654 0.14052287581699346
0 0.4419934640522876 0.954248366013072 0.09967320261437909 0.07516339869281045
0 0.34885620915032683 0.8513071895424836 0.08660130718954248 0.09477124183006536
0 0.40032679738562094 0.7598039215686275 0.032679738562091505 0.049019607843137254
0 0.5155228758169935 0.8022875816993464 0.09640522875816994 0.08169934640522876
0 0.4803921568627451 0.7532679738562091 0.09477124183006536 0.11111111111111112
0 0.5343137254901961 0.6781045751633987 0.08169934640522876 0.06535947712418301
0 0.4754901960784314 0.6748366013071896 0.029411764705882353 0.03594771241830066
0 0.4387254901960784 0.6683006535947713 0.04084967320261438 0.05555555555555556
0 0.5506535947712419 0.6111111111111112 0.09477124183006536 0.08496732026143791
0 0.46568627450980393 0.5988562091503268 0.08823529411764706 0.09640522875816994
0 0.4624183006535948 0.4681372549019608 0.10130718954248366 0.09640522875816994
0 0.3962418300653595 0.5114379084967321 0.08660130718954248 0.08496732026143791
0 0.3415032679738562 0.7524509803921569 0.10457516339869281 0.10947712418300654
0 0.32598039215686275 0.6658496732026143 0.06045751633986928 0.08006535947712419
0 0.29820261437908496 0.5375816993464052 0.09967320261437909 0.16339869281045752
0 0.2549019607843137 0.75 0.08169934640522876 0.10457516339869281
0 0.14869281045751634 0.829248366013072 0.08169934640522876 0.08660130718954248
0 0.16911764705882354 0.7524509803921569 0.09313725490196079 0.09313725490196079
0 0.2377450980392157 0.6642156862745098 0.08986928104575163 0.09967320261437909
0 0.1895424836601307 0.6511437908496732 0.07189542483660132 0.119281045751634
0 0.09477124183006536 0.6658496732026143 0.11437908496732027 0.09640522875816994
0 0.19934640522875818 0.5326797385620915 0.10457516339869281 0.12745098039215685
0 0.09967320261437909 0.5465686274509804 0.10130718954248366 0.13562091503267976
0 0.029411764705882353 0.49754901960784315 0.04575163398692811 0.13562091503267976
0 0.1323529411764706 0.4199346405228758 0.13725490196078433 0.11437908496732027
0 0.23366013071895425 0.41830065359477125 0.049019607843137254 0.05228758169934641
0 0.3235294117647059 0.39950980392156865 0.08823529411764706 0.119281045751634
0 0.41421568627450983 0.3978758169934641 0.09313725490196079 0.08006535947712419
0 0.4754901960784314 0.3513071895424837 0.08823529411764706 0.08823529411764706
0 0.4746732026143791 0.2834967320261438 0.07026143790849673 0.04738562091503268
0 0.4665032679738562 0.21977124183006536 0.09967320261437909 0.09640522875816994
0 0.37826797385620914 0.3112745098039216 0.10947712418300654 0.10294117647058824
0 0.25163398692810457 0.3137254901960784 0.08169934640522876 0.08169934640522876
0 0.13071895424836602 0.3235294117647059 0.11111111111111112 0.09477124183006536
0 0.18218954248366015 0.244281045751634 0.09967320261437909 0.11601307189542484
0 0.3031045751633987 0.2647058823529412 0.05065359477124183 0.06535947712418301
0 0.21568627450980393 0.1593137254901961 0.06209150326797386 0.08333333333333334
0 0.27532679738562094 0.1593137254901961 0.06045751633986928 0.09967320261437909
0 0.35375816993464054 0.18300653594771243 0.09313725490196079 0.11111111111111112
0 0.4387254901960784 0.08496732026143791 0.05065359477124183 0.09477124183006536
0 0.3284313725490196 0.08905228758169935 0.11764705882352941 0.09313725490196079
0 0.04166666666666667 0.3619281045751634 0.04738562091503268 0.08333333333333334
