0 0.5547385620915033 0.042483660130718956 0.07026143790849673 0.08496732026143791
0 0.6200980392156863 0.07352941176470588 0.07679738562091504 0.07516339869281045
0 0.696078431372549 0.049836601307189546 0.05228758169934641 0.03431372549019608
0 0.744281045751634 0.09967320261437909 0.12908496732026145 0.08823529411764706
0 0.6723856209150327 0.18218954248366015 0.11274509803921569 0.09313725490196079
0 0.5661764705882353 0.22222222222222224 0.1388888888888889 0.13725490196078433
0 0.7173202614379085 0.22222222222222224 0.04575163398692811 0.04575163398692811
0 0.8088235294117647 0.18382352941176472 0.11437908496732027 0.1323529411764706
0 0.8627450980392157 0.24101307189542484 0.042483660130718956 0.04084967320261438
0 0.8905228758169935 0.20506535947712418 0.05555555555555556 0.06699346405228758
0 0.9093137254901961 0.2647058823529412 0.04411764705882353 0.04575163398692811
0 0.7483660130718954 0.3006535947712418 0.08169934640522876 0.14052287581699346
0 0.7834967320261438 0.34395424836601307 0.03431372549019608 0.04738562091503268
0 0.8553921568627452 0.3888888888888889 0.119281045751634 0.1568627450980392
0 0.9387254901960784 0.3415032679738562 0.06045751633986928 0.08496732026143791
0 0.9395424836601307 0.42320261437908496 0.07189542483660132 0.07516339869281045
0 0.9738562091503268 0.45915032679738566 0.049019607843137254 0.058823529411764705
0 0.8995098039215687 0.5049019607843137 0.09967320261437909 0.12091503267973856
0 0.9738562091503268 0.5400326797385621 0.049019607843137254 0.11274509803921569
0 0.9313725490196079 0.565359477124183 0.06209150326797386 0.06535947712418301
0 0.7802287581699346 0.4575163398692811 0.09967320261437909 0.15359477124183007
0 0.8161764705882353 0.5490196078431373 0.10294117647058824 0.07516339869281045
0 0.8651960784313726 0.5939542483660131 0.05065359477124183 0.06372549019607843
0 0.7990196078431373 0.6176470588235294 0.10457516339869281 0.0784313725490196
0 0.8700980392156863 0.6593137254901961 0.04738562091503268 0.08006535947712419
0 0.9264705882352942 0.673202614379085 0.07516339869281045 0.11111111111111112
0 0.8423202614379085 0.6928104575163399 0.07026143790849673 0.0784313725490196
0 0.6838235294117647 0.5114379084967321 0.11274509803921569 0.06862745098039216
0 0.6380718954248367 0.5620915032679739 0.1323529411764706 0.06862745098039216
0 0.6217320261437909 0.6372549019607844 0.07026143790849673 0.08169934640522876
0 0.7197712418300654 0.7066993464052288 0.1323529411764706 0.12908496732026145
0 0.7679738562091504 0.8080065359477124 0.05555555555555556 0.06372549019607843
0 0.8537581699346406 0.7826797385620915 0.1323529411764706 0.08823529411764706
0 0.7279411764705882 0.7802287581699346 0.03104575163398693 0.03758169934640523
0 0.6339869281045751 0.763888888888889 0.12091503267973856 0.15849673202614378
0 0.7418300653594772 0.9035947712418301 0.09150326797385622 0.08496732026143791
0 0.6699346405228759 0.934640522875817 0.08823529411764706 0.08496732026143791
0 0.5204248366013072 0.8325163398692811 0.12254901960784315 0.13562091503267976
0 0.5825163398692811 0.9632352941176471 0.08660130718954248 0.06372549019607843
0 0.4722222222222222 0.9738562091503268 0.10130718954248366 0.049019607843137254
0 0.3684640522875817 0.9689542483660131 0.09640522875816994 0.05228758169934641
0 0.41748366013071897 0.8897058823529412 0.09313725490196079 0.12254901960784315
0 0.36683006535947715 0.8243464052287582 0.09640522875816994 0.09313725490196079
0 0.45669934640522875 0.7573529411764706 0.08660130718954248 0.07352941176470588
0 0.3962418300653595 0.7516339869281046 0.05392156862745098 0.06862745098039216
0 0.3357843137254902 0.7524509803921569 0.07026143790849673 0.08333333333333334
0 0.2573529411764706 0.7508169934640523 0.07679738562091504 0.09967320261437909
0 0.35784313725490197 0.684640522875817 0.06209150326797386 0.04575163398692811
0 0.14950980392156862 0.7598039215686275 0.09640522875816994 0.09477124183006536
0 0.5032679738562091 0.6813725490196079 0.10784313725490197 0.07189542483660132
0 0.5588235294117647 0.7205882352941176 0.049019607843137254 0.058823529411764705
0 0.5408496732026143 0.6151960784313726 0.10130718954248366 0.09967320261437909
0 0.4665032679738562 0.6119281045751634 0.05392156862745098 0.06372549019607843
0 0.2696078431372549 0.6519607843137255 0.11764705882352941 0.09803921568627451
0 0.2107843137254902 0.6862745098039216 0.03594771241830066 0.03594771241830066
0 0.18382352941176472 0.6560457516339869 0.05392156862745098 0.08006535947712419
0 0.09967320261437909 0.6797385620915033 0.13071895424836602 0.10130718954248366
0 0.04330065359477124 0.6266339869281046 0.04411764705882353 0.04411764705882353
0 0.2900326797385621 0.5269607843137255 0.10620915032679738 0.1650326797385621
0 0.18300653594771243 0.5931372549019608 0.10784313725490197 0.09150326797385622
0 0.20915032679738563 0.4959150326797386 0.06209150326797386 0.10294117647058824
0 0.10049019607843138 0.5514705882352942 0.12908496732026145 0.12908496732026145
0 0.6127450980392157 0.8839869281045752 0.06209150326797386 0.08169934640522876
0 0.022875816993464054 0.5261437908496732 0.04575163398692811 0.1503267973856209
0 0.040032679738562095 0.4035947712418301 0.06699346405228758 0.09803921568627451
0 0.13643790849673204 0.4281045751633987 0.12908496732026145 0.11111111111111112
0 0.25245098039215685 0.4084967320261438 0.10947712418300654 0.07189542483660132
0 0.35375816993464054 0.4624183006535948 0.08660130718954248 0.13398692810457516
0 0.46895424836601307 0.4803921568627451 0.13071895424836602 0.11437908496732027
0 0.5874183006535948 0.45996732026143794 0.09313725490196079 0.11274509803921569
0 0.6111111111111112 0.3611111111111111 0.09477124183006536 0.11764705882352941
0 0.5065359477124183 0.39215686274509803 0.09803921568627451 0.07189542483660132
0 0.4166666666666667 0.39950980392156865 0.09477124183006536 0.08006535947712419
0 0.3292483660130719 0.38480392156862747 0.057189542483660136 0.07352941176470588
0 0.47794117647058826 0.33905228758169936 0.03431372549019608 0.03758169934640523
0 0.4754901960784314 0.28431372549019607 0.08823529411764706 0.08496732026143791
0 0.37826797385620914 0.30228758169934644 0.12254901960784315 0.10784313725490197
0 0.2540849673202614 0.3178104575163399 0.10947712418300654 0.10294117647058824
0 0.13480392156862744 0.3145424836601307 0.12581699346405228 0.119281045751634
0 0.1854575163398693 0.24101307189542484 0.05392156862745098 0.07026143790849673
0 0.3480392156862745 0.18382352941176472 0.10784313725490197 0.12254901960784315
0 0.48447712418300654 0.22875816993464054 0.08660130718954248 0.10457516339869281
0 0.4215686274509804 0.1985294117647059 0.03594771241830066 0.04738562091503268
0 0.21895424836601307 0.16094771241830066 0.08169934640522876 0.10620915032679738
0 0.33169934640522875 0.08905228758169935 0.0784313725490196 0.08986928104575163
0 0.4199346405228758 0.05800653594771242 0.11111111111111112 0.09967320261437909
0 0.13643790849673204 0.16666666666666669 0.07352941176470588 0.08496732026143791
0 0.2181372549019608 0.09558823529411765 0.057189542483660136 0.04084967320261438
