0 0.548202614379085 0.042483660130718956 0.10620915032679738 0.08496732026143791
0 0.6266339869281046 0.08088235294117647 0.07679738562091504 0.08006535947712419
0 0.5947712418300654 0.13398692810457516 0.05228758169934641 0.07516339869281045
0 0.744281045751634 0.08986928104575163 0.12254901960784315 0.08823529411764706
0 0.6691176470588236 0.18300653594771243 0.08333333333333334 0.07516339869281045
0 0.8014705882352942 0.17647058823529413 0.11601307189542484 0.13398692810457516
0 0.613562091503268 0.23692810457516342 0.06699346405228758 0.06209150326797386
0 0.7450980392156863 0.3006535947712418 0.09803921568627451 0.1503267973856209
0 0.883169934640523 0.20669934640522877 0.06372549019607843 0.06372549019607843
0 0.9109477124183006 0.26633986928104575 0.07026143790849673 0.042483660130718956
0 0.934640522875817 0.34068627450980393 0.06862745098039216 0.08660130718954248
0 0.8545751633986929 0.3897058823529412 0.10457516339869281 0.1454248366013072
0 0.7851307189542484 0.4550653594771242 0.08660130718954248 0.13562091503267976
0 0.667483660130719 0.3946078431372549 0.08986928104575163 0.09967320261437909
0 0.6094771241830066 0.34885620915032683 0.0784313725490196 0.07026143790849673
0 0.9387254901960784 0.4150326797385621 0.09967320261437909 0.07189542483660132
0 0.9795751633986929 0.4616013071895425 0.03758169934640523 0.05392156862745098
0 0.9060457516339869 0.494281045751634 0.07352941176470588 0.08986928104575163
0 0.9738562091503268 0.5392156862745098 0.049019607843137254 0.12418300653594772
0 0.9281045751633987 0.5629084967320261 0.058823529411764705 0.06699346405228758
0 0.8161764705882353 0.5441176470588236 0.11601307189542484 0.09150326797385622
0 0.6821895424836601 0.5049019607843137 0.119281045751634 0.0784313725490196
0 0.5923202614379085 0.45915032679738566 0.08660130718954248 0.11437908496732027
0 0.6323529411764706 0.5620915032679739 0.14379084967320263 0.07516339869281045
0 0.7973856209150327 0.6209150326797386 0.12745098039215685 0.09150326797385622
0 0.9248366013071896 0.6699346405228759 0.10784313725490197 0.12745098039215685
0 0.8382352941176471 0.6952614379084967 0.09477124183006536 0.08333333333333334
0 0.6266339869281046 0.6397058823529412 0.09967320261437909 0.09640522875816994
0 0.5294117647058824 0.6266339869281046 0.10130718954248366 0.10620915032679738
0 0.5073529411764706 0.6838235294117647 0.10947712418300654 0.06699346405228758
0 0.7214052287581699 0.7116013071895425 0.14215686274509803 0.14215686274509803
0 0.863562091503268 0.7802287581699346 0.09967320261437909 0.09640522875816994
0 0.7720588235294118 0.8071895424836601 0.08986928104575163 0.09150326797385622
0 0.8243464052287582 0.8586601307189543 0.05392156862745098 0.057189542483660136
0 0.5661764705882353 0.7279411764705882 0.05065359477124183 0.06372549019607843
0 0.6315359477124183 0.7687908496732027 0.09640522875816994 0.14215686274509803
0 0.5988562091503268 0.8872549019607844 0.07352941176470588 0.11437908496732027
0 0.7475490196078431 0.9093137254901961 0.06372549019607843 0.05392156862745098
0 0.6691176470588236 0.9330065359477124 0.09313725490196079 0.09477124183006536
0 0.5678104575163399 0.9534313725490197 0.09640522875816994 0.06045751633986928
0 0.4795751633986928 0.9714052287581699 0.11601307189542484 0.04738562091503268
0 0.37745098039215685 0.9705882352941176 0.0784313725490196 0.049019607843137254
0 0.3741830065359477 0.9362745098039216 0.049019607843137254 0.042483660130718956
0 0.4207516339869281 0.888888888888889 0.09313725490196079 0.10130718954248366
0 0.5245098039215687 0.8398692810457516 0.11111111111111112 0.10784313725490197
0 0.5220588235294118 0.7622549019607844 0.11601307189542484 0.07352941176470588
0 0.440359477124183 0.755718954248366 0.05392156862745098 0.05065359477124183
0 0.3709150326797386 0.8218954248366014 0.10784313725490197 0.11111111111111112
0 0.2622549019607843 0.8390522875816994 0.07026143790849673 0.07679738562091504
0 0.26062091503267976 0.7524509803921569 0.07352941176470588 0.09313725490196079
0 0.33415032679738566 0.7483660130718954 0.04411764705882353 0.05228758169934641
0 0.38480392156862747 0.7491830065359477 0.06045751633986928 0.057189542483660136
0 0.35947712418300654 0.6870915032679739 0.08169934640522876 0.08986928104575163
0 0.13562091503267976 0.7614379084967321 0.08496732026143791 0.0784313725490196
0 0.18137254901960784 0.7214052287581699 0.05228758169934641 0.07352941176470588
0 0.2549019607843137 0.6552287581699346 0.16013071895424838 0.08823529411764706
0 0.10130718954248366 0.6830065359477124 0.13398692810457516 0.10784313725490197
0 0.04738562091503268 0.6299019607843137 0.06535947712418301 0.06699346405228758
0 0.2042483660130719 0.573529411764706 0.07189542483660132 0.06862745098039216
0 0.16666666666666669 0.607843137254902 0.06535947712418301 0.06209150326797386
0 0.10049019607843138 0.5506535947712419 0.14215686274509803 0.12091503267973856
0 0.02042483660130719 0.5204248366013072 0.03431372549019608 0.11274509803921569
0 0.19607843137254902 0.4861111111111111 0.07189542483660132 0.09640522875816994
0 0.28758169934640526 0.5261437908496732 0.09477124183006536 0.14052287581699346
0 0.3611111111111111 0.45996732026143794 0.11437908496732027 0.16176470588235295
0 0.47385620915032683 0.4852941176470588 0.11437908496732027 0.10457516339869281
0 0.41911764705882354 0.39950980392156865 0.07679738562091504 0.08006535947712419
0 0.5171568627450981 0.3880718954248366 0.119281045751634 0.08660130718954248
0 0.04493464052287582 0.40931372549019607 0.07026143790849673 0.10620915032679738
0 0.12990196078431374 0.43709150326797386 0.11601307189542484 0.09967320261437909
0 0.24918300653594772 0.41339869281045755 0.12254901960784315 0.09150326797385622
0 0.1388888888888889 0.309640522875817 0.12091503267973856 0.11274509803921569
0 0.2589869281045752 0.32026143790849676 0.12254901960784315 0.10784313725490197
0 0.37826797385620914 0.29901960784313725 0.11274509803921569 0.10130718954248366
0 0.4477124183006536 0.33169934640522875 0.08169934640522876 0.06862745098039216
0 0.4754901960784314 0.28758169934640526 0.07516339869281045 0.06209150326797386
0 0.4991830065359477 0.22549019607843138 0.07352941176470588 0.08169934640522876
0 0.41013071895424835 0.20751633986928106 0.09803921568627451 0.0784313725490196
0 0.3480392156862745 0.18627450980392157 0.10457516339869281 0.11764705882352941
0 0.2173202614379085 0.16584967320261437 0.07516339869281045 0.08986928104575163
0 0.1568627450980392 0.1454248366013072 0.05228758169934641 0.058823529411764705
0 0.21405228758169936 0.09722222222222222 0.0784313725490196 0.05392156862745098
0 0.3104575163398693 0.06290849673202614 0.05555555555555556 0.04738562091503268
0 0.47794117647058826 0.12663398692810457 0.07026143790849673 0.08006535947712419
0 0.4150326797385621 0.06045751633986928 0.12745098039215685 0.10784313725490197
