0 0.5416666666666666 0.04656862745098039 0.1323529411764706 0.08986928104575163
0 0.6209150326797386 0.07679738562091504 0.08496732026143791 0.07516339869281045
0 0.5939542483660131 0.14133986928104575 0.06045751633986928 0.10294117647058824
0 0.6683006535947713 0.1454248366013072 0.08169934640522876 0.09477124183006536
0 0.7426470588235294 0.08823529411764706 0.11601307189542484 0.06862745098039216
0 0.6593137254901961 0.1854575163398693 0.03758169934640523 0.03758169934640523
0 0.7998366013071896 0.17973856209150327 0.11274509803921569 0.12745098039215685
0 0.6111111111111112 0.23529411764705882 0.07516339869281045 0.07516339869281045
0 0.7459150326797386 0.3047385620915033 0.08986928104575163 0.15849673202614378
0 0.880718954248366 0.2058823529411765 0.06209150326797386 0.07516339869281045
0 0.9101307189542484 0.26715686274509803 0.06535947712418301 0.04084967320261438
0 0.9297385620915033 0.33905228758169936 0.06862745098039216 0.09967320261437909
0 0.852124183006536 0.3888888888888889 0.09640522875816994 0.13398692810457516
0 0.9330065359477124 0.41421568627450983 0.10130718954248366 0.07679738562091504
0 0.7892156862745098 0.4477124183006536 0.08496732026143791 0.10784313725490197
0 0.6691176470588236 0.39215686274509803 0.11601307189542484 0.12091503267973856
0 0.5947712418300654 0.45669934640522875 0.08169934640522876 0.10947712418300654
0 0.6862745098039216 0.5049019607843137 0.13071895424836602 0.07516339869281045
0 0.7369281045751634 0.5490196078431373 0.049019607843137254 0.0392156862745098
0 0.823529411764706 0.5408496732026143 0.13071895424836602 0.10457516339869281
0 0.9763071895424837 0.542483660130719 0.03431372549019608 0.09477124183006536
0 0.9272875816993464 0.5637254901960784 0.06372549019607843 0.058823529411764705
0 0.6315359477124183 0.5629084967320261 0.15522875816993464 0.08006535947712419
0 0.7908496732026145 0.6258169934640523 0.13398692810457516 0.09150326797385622
0 0.9199346405228759 0.6707516339869282 0.09150326797385622 0.13562091503267976
0 0.9640522875816994 0.6045751633986929 0.042483660130718956 0.04575163398692811
0 0.8357843137254902 0.7001633986928105 0.08986928104575163 0.07679738562091504
0 0.5269607843137255 0.6315359477124183 0.09967320261437909 0.10294117647058824
0 0.6282679738562091 0.6437908496732027 0.11274509803921569 0.10130718954248366
0 0.7254901960784313 0.7066993464052288 0.14379084967320263 0.1388888888888889
0 0.8627450980392157 0.7802287581699346 0.10130718954248366 0.09313725490196079
0 0.7712418300653595 0.803921568627451 0.10457516339869281 0.10784313725490197
0 0.8218954248366014 0.8586601307189543 0.07189542483660132 0.07352941176470588
0 0.5122549019607844 0.6895424836601307 0.119281045751634 0.06535947712418301
0 0.5678104575163399 0.7320261437908497 0.04411764705882353 0.058823529411764705
0 0.6258169934640523 0.7622549019607844 0.07516339869281045 0.10947712418300654
0 0.6813725490196079 0.8055555555555556 0.05555555555555556 0.049019607843137254
0 0.5269607843137255 0.7655228758169935 0.14215686274509803 0.08986928104575163
0 0.5334967320261438 0.8529411764705883 0.06045751633986928 0.04575163398692811
0 0.5947712418300654 0.8929738562091504 0.08496732026143791 0.12908496732026145
0 0.6748366013071896 0.9272875816993464 0.09803921568627451 0.09313725490196079
0 0.5457516339869282 0.9493464052287582 0.07516339869281045 0.08823529411764706
0 0.47303921568627455 0.9697712418300654 0.119281045751634 0.04738562091503268
0 0.37254901960784315 0.940359477124183 0.07189542483660132 0.06699346405228758
0 0.42320261437908496 0.883169934640523 0.0784313725490196 0.08333333333333334
0 0.3700980392156863 0.8161764705882353 0.119281045751634 0.12254901960784315
0 0.2638888888888889 0.8308823529411765 0.09967320261437909 0.10620915032679738
0 0.16584967320261437 0.8014705882352942 0.06699346405228758 0.05392156862745098
0 0.12173202614379085 0.7573529411764706 0.05392156862745098 0.06699346405228758
0 0.18055555555555555 0.7222222222222222 0.07026143790849673 0.08496732026143791
0 0.25980392156862747 0.7467320261437909 0.07189542483660132 0.07516339869281045
0 0.38153594771241833 0.7401960784313726 0.06045751633986928 0.049019607843137254
0 0.3504901960784314 0.6936274509803921 0.10947712418300654 0.11601307189542484
0 0.24836601307189543 0.6495098039215687 0.1568627450980392 0.08660130718954248
0 0.10457516339869281 0.6813725490196079 0.12745098039215685 0.10130718954248366
0 0.049836601307189546 0.6323529411764706 0.07026143790849673 0.08823529411764706
0 0.18627450980392157 0.5874183006535948 0.10130718954248366 0.10294117647058824
0 0.09477124183006536 0.5531045751633987 0.14705882352941177 0.119281045751634
0 0.040032679738562095 0.4934640522875817 0.06045751633986928 0.04575163398692811
0 0.2712418300653595 0.5179738562091504 0.06862745098039216 0.11437908496732027
0 0.1985294117647059 0.4803921568627451 0.08986928104575163 0.10130718954248366
0 0.12336601307189543 0.4362745098039216 0.09967320261437909 0.06862745098039216
0 0.04166666666666667 0.4084967320261438 0.07026143790849673 0.12418300653594772
0 0.3700980392156863 0.4607843137254902 0.1323529411764706 0.16339869281045752
0 0.49101307189542487 0.47303921568627455 0.06372549019607843 0.07679738562091504
0 0.24591503267973858 0.4166666666666667 0.119281045751634 0.08823529411764706
0 0.17401960784313725 0.3611111111111111 0.04411764705882353 0.04575163398692811
0 0.07352941176470588 0.34477124183006536 0.06535947712418301 0.06862745098039216
0 0.1454248366013072 0.3014705882352941 0.10784313725490197 0.09967320261437909
0 0.25653594771241833 0.3194444444444445 0.12418300653594772 0.11274509803921569
0 0.5269607843137255 0.38480392156862747 0.12908496732026145 0.09313725490196079
0 0.4485294117647059 0.3243464052287582 0.10294117647058824 0.10620915032679738
0 0.369281045751634 0.29901960784313725 0.09150326797385622 0.09477124183006536
0 0.4681372549019608 0.28513071895424835 0.05065359477124183 0.04411764705882353
0 0.5245098039215687 0.27532679738562094 0.049019607843137254 0.04738562091503268
0 0.5040849673202614 0.22549019607843138 0.06045751633986928 0.07189542483660132
0 0.41830065359477125 0.21241830065359477 0.12418300653594772 0.08823529411764706
0 0.3423202614379085 0.17892156862745098 0.08986928104575163 0.09967320261437909
0 0.21650326797385622 0.16584967320261437 0.07026143790849673 0.08006535947712419
0 0.15849673202614378 0.14705882352941177 0.058823529411764705 0.05555555555555556
0 0.2173202614379085 0.10294117647058824 0.06862745098039216 0.05228758169934641
0 0.49754901960784315 0.1388888888888889 0.12254901960784315 0.10784313725490197
0 0.41339869281045755 0.06372549019607843 0.12091503267973856 0.11437908496732027
0 0.30637254901960786 0.056372549019607844 0.08006535947712419 0.07026143790849673
