0 0.5473856209150327 0.04330065359477124 0.09477124183006536 0.08660130718954248
0 0.6233660130718954 0.0784313725490196 0.07679738562091504 0.0784313725490196
0 0.5915032679738562 0.13480392156862744 0.03594771241830066 0.08006535947712419
0 0.7418300653594772 0.09313725490196079 0.12091503267973856 0.09477124183006536
0 0.667483660130719 0.184640522875817 0.08333333333333334 0.07516339869281045
0 0.6070261437908497 0.23284313725490197 0.06699346405228758 0.08660130718954248
0 0.8031045751633987 0.18218954248366015 0.119281045751634 0.12908496732026145
0 0.7491830065359477 0.3047385620915033 0.09313725490196079 0.15522875816993464
0 0.8848039215686275 0.20915032679738563 0.06045751633986928 0.06535947712418301
0 0.9125816993464052 0.26552287581699346 0.06699346405228758 0.04084967320261438
0 0.8562091503267975 0.39133986928104575 0.10784313725490197 0.1454248366013072
0 0.9362745098039216 0.3382352941176471 0.06535947712418301 0.09150326797385622
0 0.9395424836601307 0.4158496732026144 0.08496732026143791 0.07026143790849673
0 0.9795751633986929 0.45996732026143794 0.03758169934640523 0.05065359477124183
0 0.7859477124183006 0.4534313725490196 0.08823529411764706 0.13562091503267976
0 0.667483660130719 0.39542483660130723 0.09313725490196079 0.09803921568627451
0 0.6086601307189543 0.34558823529411764 0.07352941176470588 0.08333333333333334
0 0.5923202614379085 0.45996732026143794 0.08986928104575163 0.10947712418300654
0 0.6854575163398693 0.5098039215686274 0.11274509803921569 0.06862745098039216
0 0.8186274509803921 0.5433006535947713 0.12091503267973856 0.08986928104575163
0 0.9052287581699346 0.49836601307189543 0.08169934640522876 0.09803921568627451
0 0.9738562091503268 0.5383986928104575 0.049019607843137254 0.10294117647058824
0 0.9256535947712419 0.5669934640522876 0.07026143790849673 0.06535947712418301
0 0.7973856209150327 0.6266339869281046 0.13071895424836602 0.09967320261437909
0 0.6348039215686274 0.565359477124183 0.1454248366013072 0.0784313725490196
0 0.625 0.6405228758169935 0.09640522875816994 0.10130718954248366
0 0.5310457516339869 0.6241830065359477 0.09803921568627451 0.09477124183006536
0 0.5049019607843137 0.6862745098039216 0.10130718954248366 0.06862745098039216
0 0.5637254901960784 0.7287581699346406 0.049019607843137254 0.06535947712418301
0 0.6290849673202614 0.7655228758169935 0.10457516339869281 0.14215686274509803
0 0.7230392156862745 0.7091503267973857 0.14215686274509803 0.13725490196078433
0 0.8398692810457516 0.6952614379084967 0.09803921568627451 0.07352941176470588
0 0.9223856209150327 0.6707516339869282 0.09313725490196079 0.12908496732026145
0 0.8651960784313726 0.7802287581699346 0.11274509803921569 0.08986928104575163
0 0.7696078431372549 0.8080065359477124 0.0784313725490196 0.08986928104575163
0 0.8243464052287582 0.8545751633986929 0.05392156862745098 0.049019607843137254
0 0.7426470588235294 0.9076797385620915 0.06699346405228758 0.05392156862745098
0 0.6650326797385621 0.9305555555555556 0.09477124183006536 0.08986928104575163
0 0.6004901960784313 0.8864379084967321 0.07352941176470588 0.11601307189542484
0 0.5228758169934641 0.8325163398692811 0.11764705882352941 0.12254901960784315
0 0.5040849673202614 0.7598039215686275 0.08006535947712419 0.06535947712418301
0 0.5727124183006536 0.9599673202614379 0.08660130718954248 0.07026143790849673
0 0.47058823529411764 0.9697712418300654 0.10784313725490197 0.04084967320261438
0 0.3700980392156863 0.9665032679738562 0.08333333333333334 0.03431372549019608
0 0.4215686274509804 0.8880718954248367 0.08496732026143791 0.10294117647058824
0 0.375 0.9362745098039216 0.057189542483660136 0.05228758169934641
0 0.39869281045751637 0.8071895424836601 0.04575163398692811 0.0784313725490196
0 0.3472222222222222 0.8284313725490197 0.06372549019607843 0.10457516339869281
0 0.2622549019607843 0.8423202614379085 0.06372549019607843 0.08333333333333334
0 0.4411764705882353 0.7532679738562091 0.05228758169934641 0.049019607843137254
0 0.3888888888888889 0.7475490196078431 0.06209150326797386 0.05392156862745098
0 0.33905228758169936 0.7516339869281046 0.05065359477124183 0.058823529411764705
0 0.2581699346405229 0.7475490196078431 0.07189542483660132 0.09640522875816994
0 0.14052287581699346 0.7606209150326798 0.09150326797385622 0.08006535947712419
0 0.184640522875817 0.7189542483660131 0.05228758169934641 0.07189542483660132
0 0.10294117647058824 0.6772875816993464 0.12745098039215685 0.10294117647058824
0 0.2540849673202614 0.6527777777777778 0.15849673202614378 0.08660130718954248
0 0.36356209150326796 0.6830065359477124 0.08006535947712419 0.08496732026143791
0 0.18790849673202614 0.5882352941176471 0.10784313725490197 0.10130718954248366
0 0.28758169934640526 0.5269607843137255 0.10457516339869281 0.1454248366013072
0 0.04575163398692811 0.630718954248366 0.058823529411764705 0.07516339869281045
0 0.09803921568627451 0.5506535947712419 0.14052287581699346 0.12091503267973856
0 0.02369281045751634 0.5261437908496732 0.04738562091503268 0.12091503267973856
0 0.19934640522875818 0.4869281045751634 0.06862745098039216 0.10130718954248366
0 0.35947712418300654 0.4665032679738562 0.11111111111111112 0.16176470588235295
0 0.47385620915032683 0.48366013071895425 0.11437908496732027 0.10784313725490197
0 0.41911764705882354 0.4019607843137255 0.07352941176470588 0.0784313725490196
0 0.040032679738562095 0.4068627450980392 0.08006535947712419 0.10130718954248366
0 0.1315359477124183 0.4354575163398693 0.119281045751634 0.09640522875816994
0 0.25 0.4084967320261438 0.12745098039215685 0.08496732026143791
0 0.25326797385620914 0.3145424836601307 0.11437908496732027 0.09640522875816994
0 0.14133986928104575 0.30637254901960786 0.12908496732026145 0.11601307189542484
0 0.2549019607843137 0.3161764705882353 0.11764705882352941 0.09313725490196079
0 0.5147058823529412 0.3929738562091503 0.11437908496732027 0.08333333333333334
0 0.45098039215686275 0.33496732026143794 0.08823529411764706 0.06535947712418301
0 0.37663398692810457 0.29983660130718953 0.10947712418300654 0.10294117647058824
0 0.46977124183006536 0.28594771241830064 0.08006535947712419 0.07516339869281045
0 0.4950980392156863 0.2238562091503268 0.07189542483660132 0.0784313725490196
0 0.4076797385620915 0.21405228758169936 0.09313725490196079 0.09150326797385622
0 0.34477124183006536 0.18872549019607843 0.10130718954248366 0.11601307189542484
0 0.21977124183006536 0.1650326797385621 0.08660130718954248 0.08823529411764706
0 0.16094771241830066 0.14379084967320263 0.05392156862745098 0.06209150326797386
0 0.22058823529411764 0.09967320261437909 0.06209150326797386 0.049019607843137254
0 0.47794117647058826 0.12581699346405228 0.06045751633986928 0.07516339869281045
0 0.30637254901960786 0.06127450980392157 0.04411764705882353 0.04084967320261438
0 0.3357843137254902 0.08333333333333334 0.04411764705882353 0.04575163398692811
0 0.4207516339869281 0.06045751633986928 0.13562091503267976 0.10784313725490197
