0 0.5400326797385621 0.049836601307189546 0.1323529411764706 0.09313725490196079
0 0.6225490196078431 0.07352941176470588 0.08823529411764706 0.06535947712418301
0 0.5898692810457516 0.14460784313725492 0.058823529411764705 0.10294117647058824
0 0.6658496732026143 0.14624183006535948 0.08006535947712419 0.09967320261437909
0 0.7459150326797386 0.09150326797385622 0.11274509803921569 0.06535947712418301
0 0.7998366013071896 0.1781045751633987 0.10620915032679738 0.12745098039215685
0 0.744281045751634 0.3055555555555556 0.08333333333333334 0.14379084967320263
0 0.613562091503268 0.2361111111111111 0.07679738562091504 0.07679738562091504
0 0.8823529411764706 0.2034313725490196 0.07189542483660132 0.08333333333333334
0 0.9133986928104575 0.26633986928104575 0.07516339869281045 0.049019607843137254
0 0.9321895424836601 0.3357843137254902 0.07679738562091504 0.09967320261437909
0 0.852124183006536 0.3872549019607843 0.08986928104575163 0.12091503267973856
0 0.6715686274509804 0.39133986928104575 0.12418300653594772 0.12908496732026145
0 0.7900326797385621 0.44689542483660133 0.07026143790849673 0.09967320261437909
0 0.9387254901960784 0.41339869281045755 0.10947712418300654 0.08169934640522876
0 0.5947712418300654 0.45915032679738566 0.0784313725490196 0.10457516339869281
0 0.6870915032679739 0.5065359477124183 0.13562091503267976 0.07516339869281045
0 0.7377450980392157 0.5547385620915033 0.057189542483660136 0.057189542483660136
0 0.8243464052287582 0.5367647058823529 0.1323529411764706 0.10620915032679738
0 0.9354575163398693 0.5073529411764706 0.07026143790849673 0.08333333333333334
0 0.9795751633986929 0.5359477124183006 0.03758169934640523 0.08823529411764706
0 0.9223856209150327 0.5637254901960784 0.06045751633986928 0.058823529411764705
0 0.9665032679738562 0.6037581699346405 0.05392156862745098 0.07026143790849673
0 0.9199346405228759 0.6772875816993464 0.09477124183006536 0.1388888888888889
0 0.7965686274509804 0.6315359477124183 0.14215686274509803 0.09967320261437909
0 0.6299019607843137 0.5645424836601307 0.1519607843137255 0.07679738562091504
0 0.6258169934640523 0.6486928104575164 0.11764705882352941 0.10784313725490197
0 0.7263071895424836 0.7116013071895425 0.1519607843137255 0.14215686274509803
0 0.8390522875816994 0.7026143790849674 0.08660130718954248 0.06862745098039216
0 0.863562091503268 0.7785947712418301 0.09313725490196079 0.09313725490196079
0 0.5269607843137255 0.6348039215686274 0.09313725490196079 0.09967320261437909
0 0.5147058823529412 0.6919934640522876 0.12091503267973856 0.07679738562091504
0 0.571078431372549 0.7344771241830066 0.04084967320261438 0.04738562091503268
0 0.625 0.7655228758169935 0.07352941176470588 0.08986928104575163
0 0.6838235294117647 0.8031045751633987 0.057189542483660136 0.06045751633986928
0 0.7712418300653595 0.8055555555555556 0.10457516339869281 0.10457516339869281
0 0.8218954248366014 0.8553921568627452 0.06862745098039216 0.06372549019607843
0 0.5277777777777778 0.7712418300653595 0.13398692810457516 0.09150326797385622
0 0.7720588235294118 0.8978758169934641 0.04738562091503268 0.03758169934640523
0 0.6723856209150327 0.9313725490196079 0.08986928104575163 0.09803921568627451
0 0.5964052287581699 0.8937908496732027 0.08169934640522876 0.13725490196078433
0 0.548202614379085 0.9444444444444444 0.09640522875816994 0.08496732026143791
0 0.46977124183006536 0.9722222222222222 0.11274509803921569 0.042483660130718956
0 0.37663398692810457 0.948529411764706 0.07352941176470588 0.07352941176470588
0 0.42483660130718953 0.8856209150326798 0.06862745098039216 0.0784313725490196
0 0.3709150326797386 0.8137254901960784 0.11764705882352941 0.13398692810457516
0 0.26552287581699346 0.8325163398692811 0.10294117647058824 0.119281045751634
0 0.16666666666666669 0.8014705882352942 0.07189542483660132 0.07352941176470588
0 0.12254901960784315 0.7598039215686275 0.04575163398692811 0.05228758169934641
0 0.18627450980392157 0.7230392156862745 0.08496732026143791 0.08660130718954248
0 0.26552287581699346 0.7467320261437909 0.057189542483660136 0.06862745098039216
0 0.3872549019607843 0.738562091503268 0.05228758169934641 0.05555555555555556
0 0.34558823529411764 0.696078431372549 0.11274509803921569 0.11437908496732027
0 0.24754901960784315 0.6478758169934641 0.1519607843137255 0.08006535947712419
0 0.10457516339869281 0.6821895424836601 0.12418300653594772 0.09967320261437909
0 0.05065359477124183 0.6315359477124183 0.07516339869281045 0.08986928104575163
0 0.18790849673202614 0.5890522875816994 0.10130718954248366 0.10620915032679738
0 0.3112745098039216 0.5964052287581699 0.04738562091503268 0.058823529411764705
0 0.09967320261437909 0.553921568627451 0.14379084967320263 0.11437908496732027
0 0.042483660130718956 0.49264705882352944 0.07516339869281045 0.06045751633986928
0 0.27532679738562094 0.5171568627450981 0.06372549019607843 0.09640522875816994
0 0.19934640522875818 0.47794117647058826 0.09477124183006536 0.10294117647058824
0 0.12990196078431374 0.4362745098039216 0.09313725490196079 0.058823529411764705
0 0.042483660130718956 0.41421568627450983 0.08169934640522876 0.10294117647058824
0 0.119281045751634 0.3970588235294118 0.049019607843137254 0.03594771241830066
0 0.37663398692810457 0.4616013071895425 0.13562091503267976 0.1650326797385621
0 0.49264705882352944 0.4795751633986928 0.05065359477124183 0.06372549019607843
0 0.2434640522875817 0.41911764705882354 0.12418300653594772 0.08660130718954248
0 0.1707516339869281 0.3643790849673203 0.04738562091503268 0.05228758169934641
0 0.07679738562091504 0.3472222222222222 0.06862745098039216 0.07679738562091504
0 0.1454248366013072 0.303921568627451 0.10457516339869281 0.08823529411764706
0 0.2540849673202614 0.32189542483660133 0.119281045751634 0.10457516339869281
0 0.3513071895424837 0.3553921568627451 0.07516339869281045 0.04411764705882353
0 0.5269607843137255 0.3888888888888889 0.12581699346405228 0.09477124183006536
0 0.45098039215686275 0.3276143790849673 0.10457516339869281 0.11274509803921569
0 0.36683006535947715 0.2965686274509804 0.08006535947712419 0.08986928104575163
0 0.5277777777777778 0.2777777777777778 0.07189542483660132 0.06535947712418301
0 0.5032679738562091 0.22794117647058823 0.058823529411764705 0.06372549019607843
0 0.4199346405228758 0.21405228758169936 0.12745098039215685 0.09477124183006536
0 0.3415032679738562 0.17973856209150327 0.08169934640522876 0.0784313725490196
0 0.21977124183006536 0.16911764705882354 0.07352941176470588 0.07352941176470588
0 0.16176470588235295 0.1503267973856209 0.05555555555555556 0.05555555555555556
0 0.21895424836601307 0.10212418300653595 0.058823529411764705 0.05392156862745098
0 0.49754901960784315 0.14460784313725492 0.12908496732026145 0.119281045751634
0 0.4109477124183007 0.06535947712418301 0.12254901960784315 0.11764705882352941
0 0.31209150326797386 0.06127450980392157 0.08169934640522876 0.07679738562091504
0 0.07679738562091504 0.25571895424836605 0.03594771241830066 0.05065359477124183
