0 0.5514705882352942 0.042483660130718956 0.08660130718954248 0.0784313725490196
0 0.6233660130718954 0.07924836601307189 0.07026143790849673 0.08333333333333334
0 0.5931372549019608 0.13562091503267976 0.042483660130718956 0.04575163398692811
0 0.7483660130718954 0.09150326797385622 0.14052287581699346 0.09477124183006536
0 0.673202614379085 0.18709150326797386 0.10130718954248366 0.08986928104575163
0 0.8088235294117647 0.18218954248366015 0.12091503267973856 0.12908496732026145
0 0.5833333333333334 0.22303921568627452 0.10457516339869281 0.12581699346405228
0 0.7483660130718954 0.3014705882352941 0.09477124183006536 0.14215686274509803
0 0.7189542483660131 0.2238562091503268 0.0392156862745098 0.029411764705882353
0 0.8897058823529412 0.2034313725490196 0.057189542483660136 0.06045751633986928
0 0.9142156862745099 0.2647058823529412 0.06045751633986928 0.04575163398692811
0 0.9379084967320261 0.3431372549019608 0.058823529411764705 0.08823529411764706
0 0.8562091503267975 0.3897058823529412 0.11111111111111112 0.1519607843137255
0 0.6119281045751634 0.35947712418300654 0.08986928104575163 0.09477124183006536
0 0.6609477124183006 0.4019607843137255 0.06045751633986928 0.07189542483660132
0 0.7818627450980392 0.45915032679738566 0.08660130718954248 0.1503267973856209
0 0.940359477124183 0.4207516339869281 0.08333333333333334 0.07352941176470588
0 0.9754901960784313 0.45833333333333337 0.03594771241830066 0.05065359477124183
0 0.9011437908496732 0.4991830065359477 0.09640522875816994 0.10947712418300654
0 0.9738562091503268 0.5408496732026143 0.049019607843137254 0.11437908496732027
0 0.9272875816993464 0.565359477124183 0.06045751633986928 0.06535947712418301
0 0.8169934640522876 0.5449346405228759 0.11111111111111112 0.08006535947712419
0 0.8643790849673203 0.5915032679738562 0.042483660130718956 0.042483660130718956
0 0.7973856209150327 0.6233660130718954 0.12091503267973856 0.09313725490196079
0 0.9248366013071896 0.6707516339869282 0.08823529411764706 0.11274509803921569
0 0.8415032679738562 0.6952614379084967 0.09150326797385622 0.07352941176470588
0 0.8643790849673203 0.6470588235294118 0.03594771241830066 0.05555555555555556
0 0.6895424836601307 0.5147058823529412 0.12091503267973856 0.0784313725490196
0 0.6356209150326798 0.5629084967320261 0.13398692810457516 0.06699346405228758
0 0.6258169934640523 0.6356209150326798 0.08823529411764706 0.08823529411764706
0 0.5359477124183006 0.6176470588235294 0.10457516339869281 0.09477124183006536
0 0.4665032679738562 0.6119281045751634 0.04411764705882353 0.05392156862745098
0 0.5024509803921569 0.6821895424836601 0.09967320261437909 0.07026143790849673
0 0.559640522875817 0.7287581699346406 0.05392156862745098 0.058823529411764705
0 0.7197712418300654 0.7083333333333334 0.14215686274509803 0.1388888888888889
0 0.6299019607843137 0.7655228758169935 0.11601307189542484 0.14869281045751634
0 0.8586601307189543 0.7818627450980392 0.11601307189542484 0.09967320261437909
0 0.7696078431372549 0.8080065359477124 0.07516339869281045 0.08006535947712419
0 0.8308823529411765 0.8594771241830066 0.057189542483660136 0.0392156862745098
0 0.7426470588235294 0.9003267973856209 0.08660130718954248 0.06862745098039216
0 0.667483660130719 0.934640522875817 0.08986928104575163 0.09150326797385622
0 0.6045751633986929 0.8839869281045752 0.058823529411764705 0.09803921568627451
0 0.5825163398692811 0.9624183006535948 0.07352941176470588 0.042483660130718956
0 0.49754901960784315 0.9746732026143791 0.07352941176470588 0.04084967320261438
0 0.4428104575163399 0.9738562091503268 0.03594771241830066 0.03594771241830066
0 0.37336601307189543 0.9689542483660131 0.08333333333333334 0.04575163398692811
0 0.5220588235294118 0.8316993464052288 0.12581699346405228 0.13398692810457516
0 0.5 0.7532679738562091 0.058823529411764705 0.05228758169934641
0 0.44689542483660133 0.7589869281045751 0.07026143790849673 0.06699346405228758
0 0.4166666666666667 0.8880718954248367 0.09477124183006536 0.11274509803921569
0 0.3684640522875817 0.8243464052287582 0.10294117647058824 0.09967320261437909
0 0.3929738562091503 0.7426470588235294 0.057189542483660136 0.06045751633986928
0 0.33333333333333337 0.7516339869281046 0.06209150326797386 0.058823529411764705
0 0.26143790849673204 0.8447712418300654 0.042483660130718956 0.049019607843137254
0 0.2581699346405229 0.7491830065359477 0.0784313725490196 0.09313725490196079
0 0.14705882352941177 0.7589869281045751 0.09477124183006536 0.08660130718954248
0 0.1854575163398693 0.7197712418300654 0.04411764705882353 0.057189542483660136
0 0.08006535947712419 0.7393790849673203 0.03594771241830066 0.03431372549019608
0 0.10294117647058824 0.678921568627451 0.13071895424836602 0.11274509803921569
0 0.04656862745098039 0.6266339869281046 0.06045751633986928 0.057189542483660136
0 0.2540849673202614 0.6560457516339869 0.14869281045751634 0.09640522875816994
0 0.36356209150326796 0.6772875816993464 0.06372549019607843 0.07026143790849673
0 0.28839869281045755 0.5277777777777778 0.09967320261437909 0.15359477124183007
0 0.18709150326797386 0.5906862745098039 0.09967320261437909 0.09640522875816994
0 0.09885620915032681 0.5522875816993464 0.12908496732026145 0.12418300653594772
0 0.026143790849673203 0.5261437908496732 0.049019607843137254 0.12745098039215685
0 0.20016339869281047 0.4877450980392157 0.06372549019607843 0.08986928104575163
0 0.35784313725490197 0.4632352941176471 0.09803921568627451 0.1454248366013072
0 0.46977124183006536 0.48284313725490197 0.12581699346405228 0.10947712418300654
0 0.5915032679738562 0.4575163398692811 0.09150326797385622 0.11437908496732027
0 0.4158496732026144 0.39950980392156865 0.08986928104575163 0.07352941176470588
0 0.5130718954248367 0.3929738562091503 0.12091503267973856 0.08006535947712419
0 0.042483660130718956 0.4035947712418301 0.06862745098039216 0.10130718954248366
0 0.13398692810457516 0.4338235294117647 0.13071895424836602 0.10294117647058824
0 0.25 0.4084967320261438 0.11111111111111112 0.08496732026143791
0 0.33496732026143794 0.3790849673202614 0.042483660130718956 0.0392156862745098
0 0.13725490196078433 0.309640522875817 0.12091503267973856 0.119281045751634
0 0.25245098039215685 0.3178104575163399 0.11601307189542484 0.09640522875816994
0 0.3758169934640523 0.29983660130718953 0.11111111111111112 0.11274509803921569
0 0.4428104575163399 0.33088235294117646 0.05555555555555556 0.04411764705882353
0 0.4714052287581699 0.286764705882353 0.08333333333333334 0.08006535947712419
0 0.4869281045751634 0.2246732026143791 0.08823529411764706 0.09313725490196079
0 0.4158496732026144 0.2058823529411765 0.05065359477124183 0.06209150326797386
0 0.34395424836601307 0.18872549019607843 0.10294117647058824 0.12908496732026145
0 0.2181372549019608 0.16666666666666669 0.08006535947712419 0.08823529411764706
0 0.15522875816993464 0.1454248366013072 0.05228758169934641 0.05228758169934641
0 0.12254901960784315 0.18627450980392157 0.029411764705882353 0.029411764705882353
0 0.21568627450980393 0.09722222222222222 0.07516339869281045 0.04411764705882353
0 0.33088235294117646 0.08741830065359478 0.07352941176470588 0.08986928104575163
0 0.41911764705882354 0.06127450980392157 0.1323529411764706 0.10620915032679738
0 0.47794117647058826 0.12254901960784315 0.057189542483660136 0.05228758169934641
0 0.4852941176470588 0.014705882352941176 0.05228758169934641 0.029411764705882353
