0 0.5008169934640523 0.029411764705882353 0.08006535947712419 0.05555555555555556
0 0.5816993464052288 0.03104575163398693 0.06535947712418301 0.0392156862745098
0 0.5506535947712419 0.09313725490196079 0.14379084967320263 0.09477124183006536
0 0.6535947712418301 0.07189542483660132 0.08823529411764706 0.09150326797385622
0 0.7467320261437909 0.10620915032679738 0.09477124183006536 0.07516339869281045
0 0.6699346405228759 0.18218954248366015 0.11764705882352941 0.12254901960784315
0 0.559640522875817 0.20833333333333334 0.119281045751634 0.14215686274509803
0 0.7066993464052288 0.2508169934640523 0.07026143790849673 0.06045751633986928
0 0.7622549019607844 0.2042483660130719 0.07026143790849673 0.12745098039215685
0 0.8316993464052288 0.16748366013071897 0.07189542483660132 0.09313725490196079
0 0.6143790849673203 0.369281045751634 0.13071895424836602 0.14379084967320263
0 0.792483660130719 0.3357843137254902 0.09477124183006536 0.09313725490196079
0 0.852124183006536 0.40032679738562094 0.10620915032679738 0.12418300653594772
0 0.8611111111111112 0.2540849673202614 0.10130718954248366 0.11601307189542484
0 0.9354575163398693 0.2965686274509804 0.06045751633986928 0.10620915032679738
0 0.9330065359477124 0.42728758169934644 0.05555555555555556 0.06045751633986928
0 0.8913398692810458 0.5220588235294118 0.12908496732026145 0.14215686274509803
0 0.5702614379084967 0.4526143790849673 0.06209150326797386 0.06535947712418301
0 0.607843137254902 0.5245098039215687 0.08823529411764706 0.10784313725490197
0 0.6617647058823529 0.5147058823529412 0.042483660130718956 0.03594771241830066
0 0.7467320261437909 0.4575163398692811 0.11111111111111112 0.16339869281045752
0 0.7973856209150327 0.5637254901960784 0.06535947712418301 0.06209150326797386
0 0.8864379084967321 0.5269607843137255 0.119281045751634 0.14215686274509803
0 0.9705882352941176 0.542483660130719 0.05228758169934641 0.11764705882352941
0 0.8529411764705883 0.5906862745098039 0.042483660130718956 0.05392156862745098
0 0.7263071895424836 0.630718954248366 0.12908496732026145 0.10784313725490197
0 0.8194444444444444 0.6584967320261438 0.07026143790849673 0.09150326797385622
0 0.8815359477124183 0.6666666666666667 0.05065359477124183 0.10784313725490197
0 0.9387254901960784 0.6462418300653595 0.07352941176470588 0.09640522875816994
0 0.9689542483660131 0.45996732026143794 0.0392156862745098 0.03431372549019608
0 0.9125816993464052 0.744281045751634 0.05065359477124183 0.08986928104575163
0 0.8455882352941176 0.7426470588235294 0.09313725490196079 0.08986928104575163
0 0.7083333333333334 0.7075163398692811 0.05392156862745098 0.04575163398692811
0 0.6495098039215687 0.6952614379084967 0.057189542483660136 0.057189542483660136
0 0.7483660130718954 0.7671568627450981 0.10130718954248366 0.07679738562091504
0 0.8300653594771242 0.8055555555555556 0.0784313725490196 0.06535947712418301
0 0.8684640522875817 0.8031045751633987 0.024509803921568627 0.024509803921568627
0 0.7361111111111112 0.8439542483660131 0.07352941176470588 0.06699346405228758
0 0.6470588235294118 0.7761437908496732 0.09803921568627451 0.10784313725490197
0 0.607843137254902 0.8472222222222222 0.12091503267973856 0.08006535947712419
0 0.7450980392156863 0.9052287581699346 0.12418300653594772 0.07189542483660132
0 0.5416666666666666 0.9003267973856209 0.11601307189542484 0.10784313725490197
0 0.6372549019607844 0.9084967320261438 0.09150326797385622 0.0784313725490196
0 0.4354575163398693 0.9509803921568628 0.10620915032679738 0.0784313725490196
0 0.5645424836601307 0.9665032679738562 0.08006535947712419 0.03758169934640523
0 0.4803921568627451 0.8227124183006537 0.05555555555555556 0.05392156862745098
0 0.4076797385620915 0.8921568627450981 0.10947712418300654 0.13071895424836602
0 0.34477124183006536 0.8488562091503268 0.08823529411764706 0.09967320261437909
0 0.4207516339869281 0.7565359477124183 0.05392156862745098 0.06535947712418301
0 0.48284313725490197 0.7483660130718954 0.07352941176470588 0.09803921568627451
0 0.5776143790849674 0.7679738562091504 0.06372549019607843 0.0784313725490196
0 0.34068627450980393 0.75 0.10947712418300654 0.11764705882352941
0 0.32679738562091504 0.6609477124183006 0.08169934640522876 0.08986928104575163
0 0.1568627450980392 0.8308823529411765 0.09803921568627451 0.09640522875816994
0 0.25653594771241833 0.7459150326797386 0.08496732026143791 0.10294117647058824
0 0.17647058823529413 0.7434640522875817 0.07516339869281045 0.07189542483660132
0 0.10866013071895425 0.7434640522875817 0.05392156862745098 0.07189542483660132
0 0.09313725490196079 0.6642156862745098 0.09150326797385622 0.08333333333333334
0 0.18627450980392157 0.6535947712418301 0.07189542483660132 0.12418300653594772
0 0.238562091503268 0.6568627450980392 0.08823529411764706 0.09803921568627451
0 0.06045751633986928 0.5955882352941176 0.08823529411764706 0.08333333333333334
0 0.4428104575163399 0.6691176470588236 0.07189542483660132 0.06045751633986928
0 0.5310457516339869 0.6764705882352942 0.08823529411764706 0.07516339869281045
0 0.5588235294117647 0.6004901960784313 0.07189542483660132 0.07026143790849673
0 0.4722222222222222 0.5857843137254902 0.11111111111111112 0.119281045751634
0 0.3880718954248366 0.5073529411764706 0.119281045751634 0.10294117647058824
0 0.3055555555555556 0.5416666666666666 0.09150326797385622 0.1454248366013072
0 0.20098039215686275 0.5351307189542484 0.12745098039215685 0.1323529411764706
0 0.10049019607843138 0.5236928104575164 0.06699346405228758 0.07679738562091504
0 0.45669934640522875 0.45833333333333337 0.06372549019607843 0.07679738562091504
0 0.41421568627450983 0.40032679738562094 0.08660130718954248 0.07516339869281045
0 0.3243464052287582 0.4027777777777778 0.09640522875816994 0.12581699346405228
0 0.23529411764705882 0.41748366013071897 0.07516339869281045 0.08006535947712419
0 0.12745098039215685 0.4158496732026144 0.12091503267973856 0.12254901960784315
0 0.1715686274509804 0.34885620915032683 0.058823529411764705 0.06699346405228758
0 0.11029411764705882 0.3276143790849673 0.057189542483660136 0.05392156862745098
0 0.2540849673202614 0.31699346405228757 0.057189542483660136 0.06862745098039216
0 0.46895424836601307 0.34395424836601307 0.09150326797385622 0.10620915032679738
0 0.37826797385620914 0.31209150326797386 0.10620915032679738 0.10130718954248366
0 0.315359477124183 0.2622549019607843 0.08169934640522876 0.08660130718954248
0 0.042483660130718956 0.35866013071895425 0.049019607843137254 0.07026143790849673
0 0.17401960784313725 0.24591503267973858 0.12254901960784315 0.12581699346405228
0 0.27369281045751637 0.1642156862745098 0.08333333333333334 0.119281045751634
0 0.21323529411764708 0.15604575163398693 0.04738562091503268 0.06372549019607843
0 0.45833333333333337 0.22222222222222224 0.08986928104575163 0.09803921568627451
0 0.3562091503267974 0.1707516339869281 0.07516339869281045 0.08660130718954248
0 0.42647058823529416 0.11437908496732027 0.0784313725490196 0.13725490196078433
0 0.3243464052287582 0.08169934640522876 0.119281045751634 0.09150326797385622
