0 0.5563725490196079 0.04330065359477124 0.07679738562091504 0.07352941176470588
0 0.6233660130718954 0.07679738562091504 0.07352941176470588 0.07516339869281045
0 0.7508169934640523 0.10212418300653595 0.13562091503267976 0.08006535947712419
0 0.6740196078431373 0.1854575163398693 0.10947712418300654 0.09967320261437909
0 0.7197712418300654 0.2238562091503268 0.06045751633986928 0.042483660130718956
0 0.5686274509803921 0.22303921568627452 0.13725490196078433 0.1323529411764706
0 0.8660130718954249 0.24183006535947713 0.04575163398692811 0.04575163398692811
0 0.9035947712418301 0.26552287581699346 0.042483660130718956 0.04411764705882353
0 0.809640522875817 0.18627450980392157 0.11601307189542484 0.11764705882352941
0 0.7508169934640523 0.3031045751633987 0.08006535947712419 0.1388888888888889
0 0.7900326797385621 0.34477124183006536 0.04411764705882353 0.04575163398692811
0 0.6102941176470589 0.3611111111111111 0.09967320261437909 0.11111111111111112
0 0.9444444444444444 0.3415032679738562 0.058823529411764705 0.08496732026143791
0 0.8545751633986929 0.3880718954248366 0.12091503267973856 0.1519607843137255
0 0.7777777777777778 0.4607843137254902 0.09477124183006536 0.15359477124183007
0 0.8978758169934641 0.5032679738562091 0.10620915032679738 0.11764705882352941
0 0.888888888888889 0.2042483660130719 0.05555555555555556 0.058823529411764705
0 0.9419934640522876 0.41748366013071897 0.07026143790849673 0.06699346405228758
0 0.8986928104575164 0.505718954248366 0.10457516339869281 0.11601307189542484
0 0.9738562091503268 0.45669934640522875 0.049019607843137254 0.05392156862745098
0 0.9321895424836601 0.5686274509803921 0.05392156862745098 0.07189542483660132
0 0.5849673202614379 0.45833333333333337 0.09150326797385622 0.10620915032679738
0 0.6887254901960784 0.5098039215686274 0.10947712418300654 0.06862745098039216
0 0.8161764705882353 0.5449346405228759 0.08660130718954248 0.07026143790849673
0 0.8651960784313726 0.5849673202614379 0.05065359477124183 0.05555555555555556
0 0.798202614379085 0.6176470588235294 0.09313725490196079 0.07516339869281045
0 0.9738562091503268 0.5408496732026143 0.049019607843137254 0.12418300653594772
0 0.8717320261437909 0.6576797385620915 0.05065359477124183 0.08006535947712419
0 0.9272875816993464 0.6715686274509804 0.07352941176470588 0.09803921568627451
0 0.8398692810457516 0.6895424836601307 0.07189542483660132 0.07189542483660132
0 0.6323529411764706 0.5604575163398693 0.13071895424836602 0.07516339869281045
0 0.6225490196078431 0.6339869281045751 0.07189542483660132 0.08169934640522876
0 0.7263071895424836 0.6160130718954249 0.04411764705882353 0.04575163398692811
0 0.7222222222222222 0.7058823529411765 0.13725490196078433 0.13071895424836602
0 0.7295751633986929 0.7818627450980392 0.02777777777777778 0.04084967320261438
0 0.7736928104575164 0.8022875816993464 0.06045751633986928 0.06209150326797386
0 0.8513071895424836 0.7851307189542484 0.13398692810457516 0.09967320261437909
0 0.6380718954248367 0.7663398692810458 0.12254901960784315 0.15359477124183007
0 0.7410130718954249 0.9003267973856209 0.09640522875816994 0.07516339869281045
0 0.667483660130719 0.9330065359477124 0.08333333333333334 0.0784313725490196
0 0.5743464052287582 0.9640522875816994 0.11601307189542484 0.06862745098039216
0 0.46486928104575165 0.9689542483660131 0.09640522875816994 0.05555555555555556
0 0.5171568627450981 0.829248366013072 0.12254901960784315 0.1388888888888889
0 0.4150326797385621 0.8913398692810458 0.09477124183006536 0.12581699346405228
0 0.3709150326797386 0.9681372549019608 0.09477124183006536 0.04411764705882353
0 0.5612745098039216 0.7254901960784313 0.04738562091503268 0.05555555555555556
0 0.4575163398692811 0.7565359477124183 0.08169934640522876 0.08496732026143791
0 0.36683006535947715 0.8267973856209151 0.08986928104575163 0.09150326797385622
0 0.3929738562091503 0.7524509803921569 0.05392156862745098 0.06045751633986928
0 0.33415032679738566 0.7516339869281046 0.07026143790849673 0.08823529411764706
0 0.35784313725490197 0.6821895424836601 0.0392156862745098 0.05065359477124183
0 0.5032679738562091 0.6781045751633987 0.11111111111111112 0.07189542483660132
0 0.46568627450980393 0.6094771241830066 0.058823529411764705 0.06535947712418301
0 0.5400326797385621 0.613562091503268 0.09640522875816994 0.09640522875816994
0 0.2581699346405229 0.75 0.07516339869281045 0.10130718954248366
0 0.14950980392156862 0.7598039215686275 0.09967320261437909 0.09150326797385622
0 0.21160130718954248 0.6862745098039216 0.04084967320261438 0.032679738562091505
0 0.09967320261437909 0.6748366013071896 0.13725490196078433 0.10457516339869281
0 0.18709150326797386 0.6511437908496732 0.057189542483660136 0.08333333333333334
0 0.2696078431372549 0.6527777777777778 0.11764705882352941 0.09640522875816994
0 0.2908496732026144 0.5285947712418301 0.10784313725490197 0.16176470588235295
0 0.18627450980392157 0.5964052287581699 0.11437908496732027 0.08823529411764706
0 0.09885620915032681 0.5490196078431373 0.1323529411764706 0.13071895424836602
0 0.0392156862745098 0.6233660130718954 0.0392156862745098 0.03104575163398693
0 0.025326797385620915 0.5236928104575164 0.04411764705882353 0.1519607843137255
0 0.20669934640522877 0.5016339869281046 0.057189542483660136 0.10784313725490197
0 0.4722222222222222 0.4812091503267974 0.13071895424836602 0.10947712418300654
0 0.352124183006536 0.4550653594771242 0.08333333333333334 0.11274509803921569
0 0.41421568627450983 0.4035947712418301 0.08986928104575163 0.08169934640522876
0 0.04166666666666667 0.40522875816993464 0.06699346405228758 0.09803921568627451
0 0.1380718954248366 0.4256535947712418 0.1388888888888889 0.11601307189542484
0 0.24836601307189543 0.40931372549019607 0.10784313725490197 0.07352941176470588
0 0.33169934640522875 0.39215686274509803 0.05555555555555556 0.09150326797385622
0 0.5073529411764706 0.3970588235294118 0.09640522875816994 0.07516339869281045
0 0.4820261437908497 0.34068627450980393 0.06209150326797386 0.04411764705882353
0 0.47385620915032683 0.2785947712418301 0.08496732026143791 0.08006535947712419
0 0.3758169934640523 0.3014705882352941 0.11764705882352941 0.11274509803921569
0 0.25326797385620914 0.3178104575163399 0.10784313725490197 0.10294117647058824
0 0.13643790849673204 0.3137254901960784 0.12908496732026145 0.12091503267973856
0 0.1919934640522876 0.24101307189542484 0.07352941176470588 0.08006535947712419
0 0.4852941176470588 0.22957516339869283 0.10130718954248366 0.09967320261437909
0 0.34885620915032683 0.18709150326797386 0.11274509803921569 0.119281045751634
0 0.21895424836601307 0.1593137254901961 0.08823529411764706 0.10294117647058824
0 0.3300653594771242 0.09150326797385622 0.08823529411764706 0.09477124183006536
0 0.13643790849673204 0.1715686274509804 0.08006535947712419 0.0784313725490196
0 0.4223856209150327 0.06454248366013073 0.11601307189542484 0.10294117647058824
0 0.49183006535947715 0.016339869281045753 0.06535947712418301 0.029411764705882353
