0 0.5032679738562091 0.03594771241830066 0.10130718954248366 0.06535947712418301
0 0.5473856209150327 0.10375816993464053 0.13725490196078433 0.09640522875816994
0 0.6421568627450981 0.06944444444444445 0.08823529411764706 0.09313725490196079
0 0.7352941176470589 0.10784313725490197 0.0392156862745098 0.03594771241830066
0 0.6658496732026143 0.1772875816993464 0.11274509803921569 0.11274509803921569
0 0.5571895424836601 0.21241830065359477 0.10784313725490197 0.13071895424836602
0 0.6968954248366013 0.25326797385620914 0.09967320261437909 0.09477124183006536
0 0.7753267973856209 0.1781045751633987 0.06045751633986928 0.06862745098039216
0 0.7622549019607844 0.22712418300653595 0.03758169934640523 0.0392156862745098
0 0.8202614379084967 0.22222222222222224 0.07189542483660132 0.06535947712418301
0 0.8602941176470589 0.2573529411764706 0.08986928104575163 0.10947712418300654
0 0.7908496732026145 0.32598039215686275 0.11111111111111112 0.08660130718954248
0 0.7295751633986929 0.3790849673202614 0.03431372549019608 0.032679738562091505
0 0.619281045751634 0.37254901960784315 0.14379084967320263 0.1503267973856209
0 0.821078431372549 0.39869281045751637 0.06699346405228758 0.06862745098039216
0 0.9199346405228759 0.41258169934640526 0.09803921568627451 0.12581699346405228
0 0.7369281045751634 0.4607843137254902 0.09477124183006536 0.13398692810457516
0 0.6119281045751634 0.5220588235294118 0.12254901960784315 0.12908496732026145
0 0.7124183006535948 0.5571895424836601 0.0784313725490196 0.0784313725490196
0 0.8758169934640523 0.5310457516339869 0.09477124183006536 0.13398692810457516
0 0.8055555555555556 0.5620915032679739 0.08823529411764706 0.08823529411764706
0 0.9444444444444444 0.5114379084967321 0.049019607843137254 0.06862745098039216
0 0.9648692810457516 0.5449346405228759 0.05392156862745098 0.10620915032679738
0 0.9281045751633987 0.5800653594771242 0.032679738562091505 0.032679738562091505
0 0.7312091503267975 0.6339869281045751 0.119281045751634 0.09803921568627451
0 0.8243464052287582 0.6552287581699346 0.07026143790849673 0.12091503267973856
0 0.9395424836601307 0.6454248366013072 0.09803921568627451 0.10784313725490197
0 0.8897058823529412 0.6691176470588236 0.05392156862745098 0.09313725490196079
0 0.8774509803921569 0.7230392156862745 0.05228758169934641 0.07026143790849673
0 0.8300653594771242 0.755718954248366 0.058823529411764705 0.07026143790849673
0 0.7532679738562091 0.7655228758169935 0.10130718954248366 0.07352941176470588
0 0.7254901960784313 0.8431372549019608 0.09150326797385622 0.08169934640522876
0 0.6642156862745098 0.7075163398692811 0.11274509803921569 0.11437908496732027
0 0.8611111111111112 0.798202614379085 0.058823529411764705 0.07352941176470588
0 0.7148692810457516 0.9117647058823529 0.08006535947712419 0.06535947712418301
0 0.6397058823529412 0.9060457516339869 0.06699346405228758 0.06372549019607843
0 0.6200980392156863 0.8464052287581699 0.13562091503267976 0.08496732026143791
0 0.5776143790849674 0.9419934640522876 0.07026143790849673 0.08006535947712419
0 0.6037581699346405 0.7679738562091504 0.07026143790849673 0.08823529411764706
0 0.5441176470588236 0.7655228758169935 0.058823529411764705 0.10947712418300654
0 0.48284313725490197 0.809640522875817 0.07679738562091504 0.11274509803921569
0 0.5269607843137255 0.8823529411764706 0.07352941176470588 0.10784313725490197
0 0.47058823529411764 0.9068627450980392 0.049019607843137254 0.06209150326797386
0 0.42483660130718953 0.9501633986928105 0.08823529411764706 0.08333333333333334
0 0.3962418300653595 0.8954248366013072 0.10294117647058824 0.12745098039215685
0 0.3431372549019608 0.8488562091503268 0.08823529411764706 0.09640522875816994
0 0.4297385620915033 0.7532679738562091 0.0784313725490196 0.09803921568627451
0 0.5310457516339869 0.6691176470588236 0.09477124183006536 0.06699346405228758
0 0.4395424836601307 0.6748366013071896 0.08823529411764706 0.06862745098039216
0 0.3431372549019608 0.7467320261437909 0.09803921568627451 0.11111111111111112
0 0.3366013071895425 0.6593137254901961 0.09803921568627451 0.08333333333333334
0 0.25326797385620914 0.7401960784313726 0.08169934640522876 0.09803921568627451
0 0.16830065359477125 0.8374183006535948 0.12091503267973856 0.09640522875816994
0 0.18872549019607843 0.7361111111111112 0.04084967320261438 0.06045751633986928
0 0.1119281045751634 0.7450980392156863 0.09313725490196079 0.09477124183006536
0 0.12745098039215685 0.6633986928104575 0.05555555555555556 0.04575163398692811
0 0.1854575163398693 0.6601307189542484 0.06372549019607843 0.08823529411764706
0 0.2434640522875817 0.6593137254901961 0.08823529411764706 0.09967320261437909
0 0.06944444444444445 0.5767973856209151 0.12254901960784315 0.1503267973856209
0 0.20261437908496732 0.5408496732026143 0.15359477124183007 0.1503267973856209
0 0.30718954248366015 0.5522875816993464 0.06862745098039216 0.10130718954248366
0 0.37745098039215685 0.513888888888889 0.14052287581699346 0.11274509803921569
0 0.4722222222222222 0.5727124183006536 0.10784313725490197 0.13562091503267976
0 0.42728758169934644 0.4534313725490196 0.03758169934640523 0.06045751633986928
0 0.42728758169934644 0.4068627450980392 0.05392156862745098 0.03594771241830066
0 0.3897058823529412 0.37826797385620914 0.05392156862745098 0.04738562091503268
0 0.3194444444444445 0.4019607843137255 0.08660130718954248 0.12418300653594772
0 0.22140522875816995 0.41421568627450983 0.11601307189542484 0.10947712418300654
0 0.32107843137254904 0.40441176470588236 0.08986928104575163 0.12908496732026145
0 0.119281045751634 0.4158496732026144 0.09803921568627451 0.11274509803921569
0 0.049019607843137254 0.3570261437908497 0.06535947712418301 0.09967320261437909
0 0.16339869281045752 0.34068627450980393 0.08496732026143791 0.07352941176470588
0 0.24918300653594772 0.3227124183006536 0.09967320261437909 0.08006535947712419
0 0.08333333333333334 0.2785947712418301 0.06862745098039216 0.10294117647058824
0 0.4673202614379085 0.34477124183006536 0.09477124183006536 0.11111111111111112
0 0.3709150326797386 0.30718954248366015 0.06535947712418301 0.06862745098039216
0 0.17320261437908496 0.24591503267973858 0.14052287581699346 0.12581699346405228
0 0.32598039215686275 0.2647058823529412 0.11601307189542484 0.09803921568627451
0 0.4411764705882353 0.27450980392156865 0.08823529411764706 0.06209150326797386
0 0.2818627450980392 0.1568627450980392 0.12581699346405228 0.12418300653594772
0 0.4166666666666667 0.12826797385620917 0.11437908496732027 0.16830065359477125
0 0.3243464052287582 0.07598039215686275 0.10294117647058824 0.08006535947712419
0 0.2107843137254902 0.11274509803921569 0.08496732026143791 0.07516339869281045
0 0.9354575163398693 0.3006535947712418 0.06045751633986928 0.10457516339869281
