0 0.5040849673202614 0.03349673202614379 0.08660130718954248 0.057189542483660136
0 0.579248366013072 0.026143790849673203 0.06372549019607843 0.0392156862745098
0 0.5522875816993464 0.09640522875816994 0.1503267973856209 0.10457516339869281
0 0.6519607843137255 0.0727124183006536 0.08823529411764706 0.09967320261437909
0 0.7426470588235294 0.10947712418300654 0.08660130718954248 0.07189542483660132
0 0.6699346405228759 0.1781045751633987 0.12418300653594772 0.12091503267973856
0 0.5588235294117647 0.2099673202614379 0.12091503267973856 0.1454248366013072
0 0.829248366013072 0.16584967320261437 0.06372549019607843 0.07679738562091504
0 0.7671568627450981 0.19934640522875818 0.07026143790849673 0.12418300653594772
0 0.6968954248366013 0.2508169934640523 0.07679738562091504 0.07679738562091504
0 0.6184640522875817 0.3709150326797386 0.1323529411764706 0.14379084967320263
0 0.7933006535947713 0.33496732026143794 0.10620915032679738 0.09803921568627451
0 0.8627450980392157 0.2573529411764706 0.10130718954248366 0.119281045751634
0 0.9305555555555556 0.2965686274509804 0.06045751633986928 0.11274509803921569
0 0.7434640522875817 0.4616013071895425 0.11111111111111112 0.15522875816993464
0 0.8504901960784313 0.4027777777777778 0.09313725490196079 0.12581699346405228
0 0.9321895424836601 0.4207516339869281 0.08986928104575163 0.08986928104575163
0 0.8815359477124183 0.5236928104575164 0.12581699346405228 0.14215686274509803
0 0.9681372549019608 0.5465686274509804 0.05392156862745098 0.12254901960784315
0 0.8529411764705883 0.5898692810457516 0.042483660130718956 0.049019607843137254
0 0.7132352941176471 0.5620915032679739 0.057189542483660136 0.049019607843137254
0 0.6094771241830066 0.5228758169934641 0.10130718954248366 0.11111111111111112
0 0.5645424836601307 0.4542483660130719 0.04084967320261438 0.049019607843137254
0 0.8014705882352942 0.559640522875817 0.07679738562091504 0.07352941176470588
0 0.888888888888889 0.6666666666666667 0.058823529411764705 0.09803921568627451
0 0.9362745098039216 0.6462418300653595 0.08169934640522876 0.11274509803921569
0 0.821078431372549 0.6568627450980392 0.08660130718954248 0.10130718954248366
0 0.7279411764705882 0.6315359477124183 0.12254901960784315 0.10294117647058824
0 0.8758169934640523 0.7254901960784313 0.032679738562091505 0.05228758169934641
0 0.8464052287581699 0.7459150326797386 0.08496732026143791 0.08986928104575163
0 0.8643790849673203 0.7941176470588236 0.0392156862745098 0.042483660130718956
0 0.8325163398692811 0.8202614379084967 0.057189542483660136 0.029411764705882353
0 0.8447712418300654 0.7483660130718954 0.08823529411764706 0.09150326797385622
0 0.7516339869281046 0.7687908496732027 0.10457516339869281 0.08660130718954248
0 0.6584967320261438 0.7001633986928105 0.09150326797385622 0.07679738562091504
0 0.7320261437908497 0.8455882352941176 0.08823529411764706 0.07679738562091504
0 0.7230392156862745 0.9076797385620915 0.09313725490196079 0.07026143790849673
0 0.6511437908496732 0.7794117647058824 0.08986928104575163 0.10130718954248366
0 0.9142156862745099 0.7393790849673203 0.057189542483660136 0.07352941176470588
0 0.5555555555555556 0.6013071895424836 0.058823529411764705 0.058823529411764705
0 0.5318627450980392 0.6756535947712419 0.08986928104575163 0.06372549019607843
0 0.488562091503268 0.7426470588235294 0.06862745098039216 0.08006535947712419
0 0.5800653594771242 0.7696078431372549 0.06535947712418301 0.09150326797385622
0 0.42320261437908496 0.7532679738562091 0.06209150326797386 0.07516339869281045
0 0.4803921568627451 0.8161764705882353 0.06862745098039216 0.08006535947712419
0 0.6102941176470589 0.8504901960784313 0.12581699346405228 0.08333333333333334
0 0.542483660130719 0.8970588235294118 0.11437908496732027 0.11111111111111112
0 0.6372549019607844 0.9060457516339869 0.08169934640522876 0.07679738562091504
0 0.4305555555555556 0.9517973856209151 0.09967320261437909 0.08006535947712419
0 0.4084967320261438 0.8905228758169935 0.10784313725490197 0.13071895424836602
0 0.3480392156862745 0.8496732026143791 0.09803921568627451 0.10130718954248366
0 0.34068627450980393 0.75 0.10947712418300654 0.11111111111111112
0 0.4444444444444445 0.6740196078431373 0.08169934640522876 0.07679738562091504
0 0.4722222222222222 0.5808823529411765 0.10784313725490197 0.1388888888888889
0 0.25571895424836605 0.7475490196078431 0.07679738562091504 0.10620915032679738
0 0.1642156862745098 0.8341503267973857 0.11274509803921569 0.10294117647058824
0 0.1854575163398693 0.7377450980392157 0.05392156862745098 0.057189542483660136
0 0.33251633986928103 0.6601307189542484 0.08986928104575163 0.08823529411764706
0 0.24183006535947713 0.6560457516339869 0.09150326797385622 0.09967320261437909
0 0.184640522875817 0.6552287581699346 0.06862745098039216 0.10784313725490197
0 0.10702614379084968 0.7450980392156863 0.07679738562091504 0.0784313725490196
0 0.09313725490196079 0.667483660130719 0.08496732026143791 0.07679738562091504
0 0.06454248366013073 0.5849673202614379 0.09640522875816994 0.11437908496732027
0 0.1053921568627451 0.5171568627450981 0.06372549019607843 0.05392156862745098
0 0.20016339869281047 0.5359477124183006 0.1388888888888889 0.14052287581699346
0 0.30718954248366015 0.5457516339869282 0.08823529411764706 0.14379084967320263
0 0.45098039215686275 0.4575163398692811 0.0392156862745098 0.06535947712418301
0 0.3823529411764706 0.5155228758169935 0.12745098039215685 0.10947712418300654
0 0.4158496732026144 0.40522875816993464 0.08660130718954248 0.06535947712418301
0 0.3243464052287582 0.4011437908496732 0.09640522875816994 0.1323529411764706
0 0.22794117647058823 0.41339869281045755 0.08986928104575163 0.08169934640522876
0 0.12826797385620917 0.41748366013071897 0.12581699346405228 0.11601307189542484
0 0.04330065359477124 0.35866013071895425 0.057189542483660136 0.08660130718954248
0 0.10702614379084968 0.32679738562091504 0.04738562091503268 0.04575163398692811
0 0.16666666666666669 0.3464052287581699 0.06209150326797386 0.07516339869281045
0 0.24836601307189543 0.3276143790849673 0.058823529411764705 0.06045751633986928
0 0.46895424836601307 0.3431372549019608 0.09150326797385622 0.10457516339869281
0 0.37745098039215685 0.3145424836601307 0.09803921568627451 0.09640522875816994
0 0.4387254901960784 0.2769607843137255 0.04738562091503268 0.03758169934640523
0 0.45833333333333337 0.22630718954248366 0.07352941176470588 0.08006535947712419
0 0.07516339869281045 0.27941176470588236 0.05228758169934641 0.06535947712418301
0 0.1715686274509804 0.2434640522875817 0.13071895424836602 0.12418300653594772
0 0.3186274509803922 0.2638888888888889 0.09150326797385622 0.08333333333333334
0 0.3562091503267974 0.16666666666666669 0.06209150326797386 0.06535947712418301
0 0.2728758169934641 0.16013071895424838 0.10130718954248366 0.12091503267973856
0 0.42647058823529416 0.11683006535947713 0.09150326797385622 0.1388888888888889
0 0.3227124183006536 0.0784313725490196 0.119281045751634 0.09803921568627451
0 0.21160130718954248 0.1519607843137255 0.03104575163398693 0.05228758169934641
0 0.9714052287581699 0.40604575163398693 0.02777777777777778 0.05065359477124183
