0 0.5032679738562091 0.032679738562091505 0.09803921568627451 0.06209150326797386
0 0.6454248366013072 0.07107843137254902 0.09477124183006536 0.09313725490196079
0 0.5490196078431373 0.10049019607843138 0.14052287581699346 0.10294117647058824
0 0.7344771241830066 0.10947712418300654 0.06372549019607843 0.06862745098039216
0 0.6699346405228759 0.18137254901960784 0.13071895424836602 0.12418300653594772
0 0.5604575163398693 0.2099673202614379 0.12418300653594772 0.1388888888888889
0 0.6977124183006537 0.25163398692810457 0.09150326797385622 0.08496732026143791
0 0.7736928104575164 0.19934640522875818 0.07026143790849673 0.11764705882352941
0 0.8251633986928105 0.22222222222222224 0.05555555555555556 0.049019607843137254
0 0.8267973856209151 0.1576797385620915 0.049019607843137254 0.06045751633986928
0 0.8619281045751634 0.26143790849673204 0.09313725490196079 0.12418300653594772
0 0.792483660130719 0.33169934640522875 0.10457516339869281 0.09477124183006536
0 0.6168300653594772 0.37173202614379086 0.1323529411764706 0.1454248366013072
0 0.7393790849673203 0.45833333333333337 0.10620915032679738 0.16176470588235295
0 0.8447712418300654 0.4068627450980392 0.07189542483660132 0.10784313725490197
0 0.9313725490196079 0.30228758169934644 0.05555555555555556 0.11111111111111112
0 0.9264705882352942 0.4158496732026144 0.09477124183006536 0.11274509803921569
0 0.8799019607843137 0.5277777777777778 0.10620915032679738 0.1503267973856209
0 0.8014705882352942 0.5604575163398693 0.08333333333333334 0.0784313725490196
0 0.6119281045751634 0.5179738562091504 0.11601307189542484 0.12745098039215685
0 0.7140522875816994 0.5588235294117647 0.06862745098039216 0.058823529411764705
0 0.9468954248366014 0.5081699346405228 0.03104575163398693 0.05555555555555556
0 0.9681372549019608 0.548202614379085 0.05392156862745098 0.10620915032679738
0 0.9313725490196079 0.6470588235294118 0.08496732026143791 0.10784313725490197
0 0.8864379084967321 0.667483660130719 0.05392156862745098 0.09967320261437909
0 0.7295751633986929 0.6339869281045751 0.12254901960784315 0.10130718954248366
0 0.823529411764706 0.6593137254901961 0.06535947712418301 0.10947712418300654
0 0.8766339869281046 0.7238562091503268 0.04411764705882353 0.06862745098039216
0 0.6576797385620915 0.7066993464052288 0.10294117647058824 0.09640522875816994
0 0.7540849673202614 0.7655228758169935 0.11274509803921569 0.08660130718954248
0 0.8398692810457516 0.755718954248366 0.07516339869281045 0.08333333333333334
0 0.8651960784313726 0.8006535947712419 0.06372549019607843 0.06535947712418301
0 0.7287581699346406 0.8464052287581699 0.09150326797385622 0.07516339869281045
0 0.6552287581699346 0.7916666666666667 0.08169934640522876 0.06372549019607843
0 0.5964052287581699 0.7687908496732027 0.07189542483660132 0.08333333333333334
0 0.613562091503268 0.8488562091503268 0.14215686274509803 0.08333333333333334
0 0.6397058823529412 0.9052287581699346 0.08006535947712419 0.07189542483660132
0 0.7238562091503268 0.9125816993464052 0.08823529411764706 0.06372549019607843
0 0.5408496732026143 0.8921568627450981 0.11111111111111112 0.11111111111111112
0 0.5727124183006536 0.948529411764706 0.05065359477124183 0.04738562091503268
0 0.5310457516339869 0.755718954248366 0.04575163398692811 0.08660130718954248
0 0.5310457516339869 0.6756535947712419 0.09477124183006536 0.07026143790849673
0 0.5563725490196079 0.5988562091503268 0.03431372549019608 0.04084967320261438
0 0.428921568627451 0.9509803921568628 0.09640522875816994 0.07516339869281045
0 0.46895424836601307 0.9060457516339869 0.03594771241830066 0.05392156862745098
0 0.4027777777777778 0.8978758169934641 0.10294117647058824 0.1388888888888889
0 0.47875816993464054 0.8129084967320261 0.06862745098039216 0.09313725490196079
0 0.4934640522875817 0.7312091503267975 0.058823529411764705 0.06699346405228758
0 0.34558823529411764 0.8504901960784313 0.08986928104575163 0.10294117647058824
0 0.42647058823529416 0.7581699346405228 0.06862745098039216 0.09477124183006536
0 0.4428104575163399 0.678921568627451 0.08496732026143791 0.07679738562091504
0 0.47303921568627455 0.579248366013072 0.11274509803921569 0.1388888888888889
0 0.3431372549019608 0.7459150326797386 0.10457516339869281 0.10947712418300654
0 0.33496732026143794 0.6601307189542484 0.09477124183006536 0.08823529411764706
0 0.37745098039215685 0.5130718954248367 0.14052287581699346 0.10784313725490197
0 0.3047385620915033 0.5473856209150327 0.08660130718954248 0.11764705882352941
0 0.4215686274509804 0.40604575163398693 0.0784313725490196 0.05392156862745098
0 0.46568627450980393 0.3472222222222222 0.09803921568627451 0.10620915032679738
0 0.4395424836601307 0.2769607843137255 0.07189542483660132 0.057189542483660136
0 0.16666666666666669 0.8325163398692811 0.12091503267973856 0.10294117647058824
0 0.25326797385620914 0.7410130718954249 0.08169934640522876 0.09967320261437909
0 0.18382352941176472 0.7410130718954249 0.04411764705882353 0.04084967320261438
0 0.10947712418300654 0.7450980392156863 0.08496732026143791 0.09150326797385622
0 0.24183006535947713 0.6560457516339869 0.09477124183006536 0.09640522875816994
0 0.1854575163398693 0.6576797385620915 0.07026143790849673 0.09640522875816994
0 0.09395424836601307 0.6666666666666667 0.06372549019607843 0.058823529411764705
0 0.2034313725490196 0.5359477124183006 0.15522875816993464 0.1503267973856209
0 0.11029411764705882 0.513888888888889 0.03431372549019608 0.04084967320261438
0 0.06699346405228758 0.579248366013072 0.11437908496732027 0.14215686274509803
0 0.3227124183006536 0.40441176470588236 0.09640522875816994 0.12908496732026145
0 0.22630718954248366 0.4158496732026144 0.10294117647058824 0.09313725490196079
0 0.12908496732026145 0.4158496732026144 0.12091503267973856 0.119281045751634
0 0.04738562091503268 0.3553921568627451 0.06535947712418301 0.08333333333333334
0 0.16258169934640523 0.3423202614379085 0.07352941176470588 0.07026143790849673
0 0.07679738562091504 0.27941176470588236 0.06209150326797386 0.09803921568627451
0 0.24591503267973858 0.3300653594771242 0.08333333333333334 0.06535947712418301
0 0.37173202614379086 0.31290849673202614 0.07352941176470588 0.08660130718954248
0 0.16666666666666669 0.24591503267973858 0.13398692810457516 0.1323529411764706
0 0.3227124183006536 0.2647058823529412 0.11274509803921569 0.08823529411764706
0 0.45669934640522875 0.22794117647058823 0.06699346405228758 0.07026143790849673
0 0.2704248366013072 0.16094771241830066 0.10947712418300654 0.12254901960784315
0 0.35294117647058826 0.15604575163398693 0.049019607843137254 0.04411764705882353
0 0.4256535947712418 0.12581699346405228 0.09967320261437909 0.16013071895424838
0 0.3227124183006536 0.0784313725490196 0.119281045751634 0.08496732026143791
0 0.20915032679738563 0.11274509803921569 0.07189542483660132 0.06209150326797386
