0 0.505718954248366 0.03349673202614379 0.10294117647058824 0.06699346405228758
0 0.6446078431372549 0.06944444444444445 0.10294117647058824 0.08660130718954248
0 0.5473856209150327 0.10375816993464053 0.13398692810457516 0.09967320261437909
0 0.6642156862745098 0.1781045751633987 0.11601307189542484 0.11437908496732027
0 0.738562091503268 0.10947712418300654 0.032679738562091505 0.032679738562091505
0 0.5612745098039216 0.21241830065359477 0.10294117647058824 0.12745098039215685
0 0.5236928104575164 0.17320261437908496 0.02777777777777778 0.06209150326797386
0 0.6944444444444444 0.25571895424836605 0.10784313725490197 0.09640522875816994
0 0.7769607843137255 0.17565359477124184 0.07026143790849673 0.06372549019607843
0 0.8186274509803921 0.22140522875816995 0.0784313725490196 0.06699346405228758
0 0.8627450980392157 0.2581699346405229 0.09150326797385622 0.11437908496732027
0 0.7908496732026145 0.3235294117647059 0.11764705882352941 0.08823529411764706
0 0.6225490196078431 0.37336601307189543 0.14379084967320263 0.14215686274509803
0 0.7279411764705882 0.3790849673202614 0.04084967320261438 0.032679738562091505
0 0.8194444444444444 0.3970588235294118 0.07352941176470588 0.06862745098039216
0 0.9240196078431373 0.41339869281045755 0.10620915032679738 0.12745098039215685
0 0.7401960784313726 0.4607843137254902 0.09477124183006536 0.14052287581699346
0 0.6119281045751634 0.5204248366013072 0.12254901960784315 0.12581699346405228
0 0.7132352941176471 0.5571895424836601 0.07026143790849673 0.07516339869281045
0 0.9444444444444444 0.5073529411764706 0.05228758169934641 0.06372549019607843
0 0.9656862745098039 0.5457516339869282 0.049019607843137254 0.10457516339869281
0 0.8766339869281046 0.5269607843137255 0.09313725490196079 0.12254901960784315
0 0.9256535947712419 0.5825163398692811 0.03104575163398693 0.03758169934640523
0 0.8022875816993464 0.5580065359477124 0.08496732026143791 0.08986928104575163
0 0.7303921568627452 0.6364379084967321 0.11764705882352941 0.09640522875816994
0 0.8218954248366014 0.6576797385620915 0.06862745098039216 0.119281045751634
0 0.8905228758169935 0.6683006535947713 0.05555555555555556 0.09803921568627451
0 0.7720588235294118 0.6977124183006537 0.03758169934640523 0.04575163398692811
0 0.6625816993464052 0.7075163398692811 0.11601307189542484 0.10784313725490197
0 0.7549019607843137 0.7655228758169935 0.10457516339869281 0.08333333333333334
0 0.8774509803921569 0.7205882352941176 0.05228758169934641 0.07189542483660132
0 0.8316993464052288 0.7565359477124183 0.05555555555555556 0.07189542483660132
0 0.8643790849673203 0.798202614379085 0.058823529411764705 0.07026143790849673
0 0.7263071895424836 0.8439542483660131 0.08986928104575163 0.08333333333333334
0 0.619281045751634 0.8472222222222222 0.12418300653594772 0.08986928104575163
0 0.7173202614379085 0.9150326797385622 0.06862745098039216 0.058823529411764705
0 0.6429738562091504 0.9068627450980392 0.06045751633986928 0.06209150326797386
0 0.5751633986928105 0.9452614379084968 0.06862745098039216 0.07679738562091504
0 0.5269607843137255 0.8839869281045752 0.07026143790849673 0.10130718954248366
0 0.46895424836601307 0.9084967320261438 0.049019607843137254 0.06862745098039216
0 0.42320261437908496 0.9509803921568628 0.08169934640522876 0.0784313725490196
0 0.5988562091503268 0.7712418300653595 0.06699346405228758 0.08496732026143791
0 0.5441176470588236 0.763888888888889 0.06862745098039216 0.10947712418300654
0 0.48284313725490197 0.8120915032679739 0.07679738562091504 0.10784313725490197
0 0.3962418300653595 0.8946078431372549 0.09967320261437909 0.12581699346405228
0 0.5334967320261438 0.6699346405228759 0.08006535947712419 0.07189542483660132
0 0.34068627450980393 0.8513071895424836 0.08333333333333334 0.10130718954248366
0 0.4297385620915033 0.7540849673202614 0.0784313725490196 0.09313725490196079
0 0.440359477124183 0.6764705882352942 0.08660130718954248 0.07516339869281045
0 0.4812091503267974 0.5694444444444444 0.12254901960784315 0.1388888888888889
0 0.3431372549019608 0.744281045751634 0.09803921568627451 0.10947712418300654
0 0.2549019607843137 0.7418300653594772 0.08169934640522876 0.09477124183006536
0 0.33496732026143794 0.6568627450980392 0.09803921568627451 0.0784313725490196
0 0.1707516339869281 0.8357843137254902 0.12254901960784315 0.09640522875816994
0 0.18872549019607843 0.732843137254902 0.03758169934640523 0.07679738562091504
0 0.244281045751634 0.6552287581699346 0.09313725490196079 0.09803921568627451
0 0.18627450980392157 0.6584967320261438 0.06209150326797386 0.08823529411764706
0 0.12908496732026145 0.6650326797385621 0.05228758169934641 0.04575163398692811
0 0.10866013071895425 0.744281045751634 0.08986928104575163 0.09313725490196079
0 0.3758169934640523 0.5171568627450981 0.14052287581699346 0.11601307189542484
0 0.3088235294117647 0.5473856209150327 0.06535947712418301 0.0784313725490196
0 0.20506535947712418 0.5383986928104575 0.1519607843137255 0.1454248366013072
0 0.06781045751633988 0.5751633986928105 0.12254901960784315 0.1568627450980392
0 0.428921568627451 0.4419934640522876 0.04084967320261438 0.08986928104575163
0 0.32026143790849676 0.4011437908496732 0.08823529411764706 0.12254901960784315
0 0.22549019607843138 0.4158496732026144 0.11764705882352941 0.10294117647058824
0 0.11519607843137256 0.41748366013071897 0.09313725490196079 0.11601307189542484
0 0.16013071895424838 0.3374183006535948 0.07189542483660132 0.06699346405228758
0 0.24754901960784315 0.3194444444444445 0.09313725490196079 0.09313725490196079
0 0.16830065359477125 0.24754901960784315 0.12745098039215685 0.12254901960784315
0 0.08333333333333334 0.28022875816993464 0.06535947712418301 0.10947712418300654
0 0.049836601307189546 0.35375816993464054 0.06045751633986928 0.08986928104575163
0 0.39215686274509803 0.37663398692810457 0.06209150326797386 0.06372549019607843
0 0.46568627450980393 0.3480392156862745 0.08823529411764706 0.10784313725490197
0 0.43790849673202614 0.27532679738562094 0.08496732026143791 0.07352941176470588
0 0.37173202614379086 0.30800653594771243 0.06045751633986928 0.07026143790849673
0 0.3300653594771242 0.26552287581699346 0.11437908496732027 0.09967320261437909
0 0.28104575163398693 0.16094771241830066 0.11764705882352941 0.12908496732026145
0 0.4199346405228758 0.12826797385620917 0.11437908496732027 0.16176470588235295
0 0.3227124183006536 0.07761437908496732 0.09967320261437909 0.08006535947712419
0 0.21323529411764708 0.11519607843137256 0.08986928104575163 0.07026143790849673
0 0.9362745098039216 0.2949346405228758 0.05555555555555556 0.10947712418300654
0 0.9166666666666667 0.6258169934640523 0.04575163398692811 0.07189542483660132
0 0.9460784313725491 0.6503267973856209 0.058823529411764705 0.10130718954248366
