0 0.5473856209150327 0.04330065359477124 0.11111111111111112 0.08660130718954248
0 0.6225490196078431 0.07598039215686275 0.08169934640522876 0.07026143790849673
0 0.5923202614379085 0.14133986928104575 0.04738562091503268 0.09640522875816994
0 0.6658496732026143 0.12663398692810457 0.057189542483660136 0.06699346405228758
0 0.7418300653594772 0.08986928104575163 0.11437908496732027 0.07189542483660132
0 0.6601307189542484 0.18218954248366015 0.05228758169934641 0.05392156862745098
0 0.8022875816993464 0.1781045751633987 0.12091503267973856 0.12745098039215685
0 0.7450980392156863 0.3014705882352941 0.08823529411764706 0.15849673202614378
0 0.6094771241830066 0.23529411764705882 0.07189542483660132 0.07189542483660132
0 0.8815359477124183 0.20751633986928106 0.06699346405228758 0.07189542483660132
0 0.9125816993464052 0.2638888888888889 0.08006535947712419 0.04084967320261438
0 0.9338235294117647 0.3382352941176471 0.07026143790849673 0.09150326797385622
0 0.8504901960784313 0.38643790849673204 0.09313725490196079 0.14215686274509803
0 0.9419934640522876 0.41421568627450983 0.10294117647058824 0.07026143790849673
0 0.7875816993464052 0.4485294117647059 0.08496732026143791 0.12581699346405228
0 0.6699346405228759 0.3946078431372549 0.11111111111111112 0.12581699346405228
0 0.6004901960784313 0.34558823529411764 0.04411764705882353 0.057189542483660136
0 0.5972222222222222 0.4575163398692811 0.08660130718954248 0.10784313725490197
0 0.6838235294117647 0.5040849673202614 0.12254901960784315 0.08333333333333334
0 0.8218954248366014 0.542483660130719 0.13398692810457516 0.09803921568627451
0 0.9125816993464052 0.49101307189542487 0.05392156862745098 0.06372549019607843
0 0.9803921568627452 0.46568627450980393 0.03594771241830066 0.042483660130718956
0 0.9746732026143791 0.5416666666666666 0.04411764705882353 0.09640522875816994
0 0.9281045751633987 0.5629084967320261 0.06862745098039216 0.06699346405228758
0 0.738562091503268 0.5457516339869282 0.03594771241830066 0.03594771241830066
0 0.6331699346405228 0.5612745098039216 0.1454248366013072 0.07352941176470588
0 0.7965686274509804 0.6258169934640523 0.1323529411764706 0.09150326797385622
0 0.9215686274509804 0.6707516339869282 0.09477124183006536 0.13562091503267976
0 0.8390522875816994 0.698529411764706 0.09313725490196079 0.07026143790849673
0 0.7230392156862745 0.7116013071895425 0.1454248366013072 0.1388888888888889
0 0.6282679738562091 0.6421568627450981 0.10294117647058824 0.10457516339869281
0 0.5294117647058824 0.6274509803921569 0.09803921568627451 0.10457516339869281
0 0.5122549019607844 0.6821895424836601 0.11274509803921569 0.07679738562091504
0 0.5694444444444444 0.7295751633986929 0.05065359477124183 0.06045751633986928
0 0.6258169934640523 0.7647058823529412 0.08169934640522876 0.12745098039215685
0 0.6772875816993464 0.8031045751633987 0.05065359477124183 0.04411764705882353
0 0.8627450980392157 0.7769607843137255 0.10130718954248366 0.08986928104575163
0 0.7704248366013072 0.8071895424836601 0.09640522875816994 0.10130718954248366
0 0.821078431372549 0.8611111111111112 0.06372549019607843 0.07189542483660132
0 0.7540849673202614 0.9076797385620915 0.06372549019607843 0.04084967320261438
0 0.5269607843137255 0.7655228758169935 0.1323529411764706 0.09313725490196079
0 0.5294117647058824 0.8594771241830066 0.07189542483660132 0.06209150326797386
0 0.5947712418300654 0.8897058823529412 0.0784313725490196 0.1323529411764706
0 0.667483660130719 0.928921568627451 0.09967320261437909 0.09967320261437909
0 0.5522875816993464 0.9477124183006537 0.06209150326797386 0.0784313725490196
0 0.5923202614379085 0.9738562091503268 0.04084967320261438 0.03594771241830066
0 0.47385620915032683 0.9714052287581699 0.11437908496732027 0.05392156862745098
0 0.3709150326797386 0.940359477124183 0.05555555555555556 0.06045751633986928
0 0.4223856209150327 0.8823529411764706 0.08006535947712419 0.09477124183006536
0 0.36764705882352944 0.821078431372549 0.11764705882352941 0.12254901960784315
0 0.25980392156862747 0.8357843137254902 0.07516339869281045 0.09640522875816994
0 0.3823529411764706 0.7426470588235294 0.06535947712418301 0.05392156862745098
0 0.25980392156862747 0.7483660130718954 0.07516339869281045 0.09150326797385622
0 0.17647058823529413 0.8014705882352942 0.04575163398692811 0.05065359477124183
0 0.12581699346405228 0.7589869281045751 0.06862745098039216 0.07352941176470588
0 0.18137254901960784 0.7165032679738562 0.06209150326797386 0.07679738562091504
0 0.24754901960784315 0.6544117647058824 0.15522875816993464 0.08333333333333334
0 0.3570261437908497 0.6911764705882353 0.10294117647058824 0.11437908496732027
0 0.10130718954248366 0.6813725490196079 0.12745098039215685 0.10457516339869281
0 0.04738562091503268 0.6290849673202614 0.07189542483660132 0.0784313725490196
0 0.18709150326797386 0.5906862745098039 0.10294117647058824 0.10947712418300654
0 0.09558823529411765 0.5522875816993464 0.14215686274509803 0.12091503267973856
0 0.2777777777777778 0.5187908496732027 0.0784313725490196 0.1323529411764706
0 0.04493464052287582 0.4950980392156863 0.04411764705882353 0.042483660130718956
0 0.19607843137254902 0.48284313725490197 0.0784313725490196 0.09967320261437909
0 0.12745098039215685 0.4419934640522876 0.11111111111111112 0.08660130718954248
0 0.04166666666666667 0.41339869281045755 0.07352941176470588 0.11764705882352941
0 0.07598039215686275 0.3496732026143791 0.05065359477124183 0.058823529411764705
0 0.24673202614379086 0.41013071895424835 0.12418300653594772 0.08823529411764706
0 0.3684640522875817 0.46405228758169936 0.12908496732026145 0.1568627450980392
0 0.4861111111111111 0.46977124183006536 0.07679738562091504 0.09313725490196079
0 0.5228758169934641 0.3880718954248366 0.12745098039215685 0.08660130718954248
0 0.4493464052287582 0.3284313725490196 0.09150326797385622 0.08823529411764706
0 0.3709150326797386 0.29330065359477125 0.09477124183006536 0.10620915032679738
0 0.25571895424836605 0.3161764705882353 0.12254901960784315 0.09967320261437909
0 0.14460784313725492 0.3047385620915033 0.11601307189542484 0.10947712418300654
0 0.47058823529411764 0.28839869281045755 0.06862745098039216 0.04738562091503268
0 0.5032679738562091 0.2246732026143791 0.06862745098039216 0.07679738562091504
0 0.41339869281045755 0.21241830065359477 0.11111111111111112 0.09150326797385622
0 0.34477124183006536 0.18382352941176472 0.09477124183006536 0.10947712418300654
0 0.21650326797385622 0.16258169934640523 0.07026143790849673 0.08333333333333334
0 0.16013071895424838 0.14869281045751634 0.04575163398692811 0.05228758169934641
0 0.21650326797385622 0.10130718954248366 0.06699346405228758 0.06209150326797386
0 0.494281045751634 0.1380718954248366 0.10947712418300654 0.10294117647058824
0 0.4166666666666667 0.06290849673202614 0.12745098039215685 0.10947712418300654
0 0.30800653594771243 0.06535947712418301 0.07679738562091504 0.06209150326797386
