0 0.5514705882352942 0.04084967320261438 0.08333333333333334 0.08169934640522876
0 0.6209150326797386 0.07761437908496732 0.07516339869281045 0.07679738562091504
0 0.5882352941176471 0.1323529411764706 0.029411764705882353 0.042483660130718956
0 0.7410130718954249 0.08823529411764706 0.1323529411764706 0.10784313725490197
0 0.8063725490196079 0.17973856209150327 0.11274509803921569 0.13398692810457516
0 0.7197712418300654 0.22058823529411764 0.03431372549019608 0.03594771241830066
0 0.673202614379085 0.1854575163398693 0.11111111111111112 0.09640522875816994
0 0.5841503267973857 0.2246732026143791 0.10947712418300654 0.1323529411764706
0 0.8839869281045752 0.2058823529411765 0.049019607843137254 0.06862745098039216
0 0.9117647058823529 0.2647058823529412 0.05555555555555556 0.042483660130718956
0 0.7475490196078431 0.29983660130718953 0.08986928104575163 0.1454248366013072
0 0.9395424836601307 0.33986928104575165 0.06535947712418301 0.08823529411764706
0 0.8553921568627452 0.3897058823529412 0.11601307189542484 0.1519607843137255
0 0.7810457516339869 0.45669934640522875 0.09150326797385622 0.1454248366013072
0 0.6127450980392157 0.3562091503267974 0.09150326797385622 0.09477124183006536
0 0.6633986928104575 0.40032679738562094 0.05555555555555556 0.07189542483660132
0 0.9411764705882353 0.4150326797385621 0.07516339869281045 0.06535947712418301
0 0.9738562091503268 0.4575163398692811 0.042483660130718956 0.05228758169934641
0 0.9011437908496732 0.5024509803921569 0.09640522875816994 0.10620915032679738
0 0.9730392156862745 0.5334967320261438 0.05065359477124183 0.10947712418300654
0 0.9281045751633987 0.5669934640522876 0.06209150326797386 0.07516339869281045
0 0.8627450980392157 0.5931372549019608 0.049019607843137254 0.049019607843137254
0 0.8178104575163399 0.5433006535947713 0.10294117647058824 0.08006535947712419
0 0.6870915032679739 0.5122549019607844 0.11601307189542484 0.07352941176470588
0 0.6323529411764706 0.559640522875817 0.13398692810457516 0.07026143790849673
0 0.7973856209150327 0.619281045751634 0.11111111111111112 0.08823529411764706
0 0.8676470588235294 0.6470588235294118 0.049019607843137254 0.05555555555555556
0 0.9256535947712419 0.6642156862745098 0.08660130718954248 0.11274509803921569
0 0.8406862745098039 0.6919934640522876 0.08660130718954248 0.07352941176470588
0 0.8611111111111112 0.7777777777777778 0.12745098039215685 0.09477124183006536
0 0.619281045751634 0.6348039215686274 0.0784313725490196 0.08660130718954248
0 0.7230392156862745 0.7058823529411765 0.1388888888888889 0.13725490196078433
0 0.7696078431372549 0.8088235294117647 0.06535947712418301 0.07516339869281045
0 0.8218954248366014 0.8594771241830066 0.05228758169934641 0.042483660130718956
0 0.5351307189542484 0.6184640522875817 0.09640522875816994 0.09640522875816994
0 0.4665032679738562 0.6127450980392157 0.05392156862745098 0.05555555555555556
0 0.5 0.6805555555555556 0.09803921568627451 0.06699346405228758
0 0.5612745098039216 0.7263071895424836 0.05065359477124183 0.05392156862745098
0 0.6323529411764706 0.7663398692810458 0.12091503267973856 0.15359477124183007
0 0.7410130718954249 0.9019607843137255 0.08986928104575163 0.06862745098039216
0 0.6666666666666667 0.9330065359477124 0.09477124183006536 0.09150326797385622
0 0.6045751633986929 0.8815359477124183 0.06209150326797386 0.09313725490196079
0 0.5825163398692811 0.9624183006535948 0.07352941176470588 0.049019607843137254
0 0.494281045751634 0.9730392156862745 0.07026143790849673 0.04084967320261438
0 0.4354575163398693 0.9738562091503268 0.05065359477124183 0.04575163398692811
0 0.3684640522875817 0.9673202614379085 0.08333333333333334 0.05228758169934641
0 0.5212418300653595 0.8284313725490197 0.12418300653594772 0.13725490196078433
0 0.4150326797385621 0.8880718954248367 0.09150326797385622 0.11274509803921569
0 0.369281045751634 0.8202614379084967 0.10457516339869281 0.09803921568627451
0 0.3366013071895425 0.7524509803921569 0.06535947712418301 0.07679738562091504
0 0.39052287581699346 0.7491830065359477 0.05555555555555556 0.05065359477124183
0 0.44607843137254904 0.7573529411764706 0.07189542483660132 0.07352941176470588
0 0.5016339869281046 0.7524509803921569 0.05228758169934641 0.05065359477124183
0 0.2622549019607843 0.8439542483660131 0.04084967320261438 0.04411764705882353
0 0.2589869281045752 0.7475490196078431 0.07679738562091504 0.09313725490196079
0 0.14624183006535948 0.763888888888889 0.09313725490196079 0.09313725490196079
0 0.08169934640522876 0.7418300653594772 0.032679738562091505 0.032679738562091505
0 0.1854575163398693 0.7197712418300654 0.04084967320261438 0.05392156862745098
0 0.09967320261437909 0.673202614379085 0.12745098039215685 0.10457516339869281
0 0.2540849673202614 0.6519607843137255 0.14869281045751634 0.09477124183006536
0 0.3611111111111111 0.6805555555555556 0.06862745098039216 0.07352941176470588
0 0.286764705882353 0.5269607843137255 0.10620915032679738 0.15849673202614378
0 0.18382352941176472 0.5866013071895425 0.10294117647058824 0.10130718954248366
0 0.10130718954248366 0.5465686274509804 0.13725490196078433 0.12254901960784315
0 0.02696078431372549 0.5261437908496732 0.05392156862745098 0.13725490196078433
0 0.20261437908496732 0.4893790849673203 0.06862745098039216 0.09313725490196079
0 0.3570261437908497 0.4607843137254902 0.09640522875816994 0.14052287581699346
0 0.4714052287581699 0.4812091503267974 0.12908496732026145 0.11274509803921569
0 0.5882352941176471 0.45669934640522875 0.08823529411764706 0.11601307189542484
0 0.41830065359477125 0.4019607843137255 0.08169934640522876 0.0784313725490196
0 0.5098039215686274 0.3880718954248366 0.11111111111111112 0.07679738562091504
0 0.042483660130718956 0.4027777777777778 0.07516339869281045 0.09967320261437909
0 0.13480392156862744 0.43137254901960786 0.12908496732026145 0.10784313725490197
0 0.25 0.41013071895424835 0.10130718954248366 0.0784313725490196
0 0.33088235294117646 0.37663398692810457 0.04084967320261438 0.03104575163398693
0 0.4419934640522876 0.33333333333333337 0.06372549019607843 0.049019607843137254
0 0.13480392156862744 0.309640522875817 0.119281045751634 0.12581699346405228
0 0.17973856209150327 0.24183006535947713 0.058823529411764705 0.05228758169934641
0 0.21650326797385622 0.16258169934640523 0.07679738562091504 0.08986928104575163
0 0.1593137254901961 0.1519607843137255 0.04411764705882353 0.0392156862745098
0 0.12418300653594772 0.17973856209150327 0.042483660130718956 0.03594771241830066
0 0.3472222222222222 0.18627450980392157 0.10294117647058824 0.11437908496732027
0 0.41748366013071897 0.20669934640522877 0.04411764705882353 0.06372549019607843
0 0.47058823529411764 0.2834967320261438 0.08496732026143791 0.07026143790849673
0 0.4869281045751634 0.22630718954248366 0.09150326797385622 0.08986928104575163
0 0.22058823529411764 0.09803921568627451 0.05555555555555556 0.03594771241830066
0 0.3276143790849673 0.08660130718954248 0.08006535947712419 0.08823529411764706
0 0.4812091503267974 0.125 0.05392156862745098 0.03431372549019608
0 0.4215686274509804 0.06290849673202614 0.12745098039215685 0.10294117647058824
0 0.48284313725490197 0.018790849673202614 0.06045751633986928 0.03104575163398693
