0 0.5498366013071896 0.04084967320261438 0.09313725490196079 0.08169934640522876
0 0.6241830065359477 0.0784313725490196 0.0784313725490196 0.0784313725490196
0 0.5898692810457516 0.13643790849673204 0.04575163398692811 0.057189542483660136
0 0.7426470588235294 0.09068627450980392 0.12908496732026145 0.10294117647058824
0 0.8063725490196079 0.18137254901960784 0.12581699346405228 0.12745098039215685
0 0.6707516339869282 0.18709150326797386 0.09640522875816994 0.08660130718954248
0 0.888888888888889 0.2099673202614379 0.05555555555555556 0.06372549019607843
0 0.9109477124183006 0.26633986928104575 0.05392156862745098 0.049019607843137254
0 0.7467320261437909 0.3014705882352941 0.08496732026143791 0.1519607843137255
0 0.5866013071895425 0.22794117647058823 0.11111111111111112 0.11274509803921569
0 0.8553921568627452 0.39133986928104575 0.10947712418300654 0.14869281045751634
0 0.9379084967320261 0.33986928104575165 0.06535947712418301 0.09150326797385622
0 0.9428104575163399 0.41911764705882354 0.08496732026143791 0.07679738562091504
0 0.9738562091503268 0.39052287581699346 0.029411764705882353 0.05555555555555556
0 0.977124183006536 0.45669934640522875 0.042483660130718956 0.06045751633986928
0 0.7851307189542484 0.45588235294117646 0.08986928104575163 0.14705882352941177
0 0.6633986928104575 0.3946078431372549 0.07516339869281045 0.08660130718954248
0 0.6127450980392157 0.3553921568627451 0.08823529411764706 0.08660130718954248
0 0.5866013071895425 0.4616013071895425 0.09150326797385622 0.11601307189542484
0 0.6854575163398693 0.5114379084967321 0.11601307189542484 0.07189542483660132
0 0.8194444444444444 0.5441176470588236 0.10947712418300654 0.08823529411764706
0 0.9027777777777778 0.5 0.08986928104575163 0.10457516339869281
0 0.9722222222222222 0.5416666666666666 0.042483660130718956 0.10947712418300654
0 0.928921568627451 0.5702614379084967 0.057189542483660136 0.07189542483660132
0 0.8643790849673203 0.5923202614379085 0.042483660130718956 0.03431372549019608
0 0.8014705882352942 0.6200980392156863 0.12254901960784315 0.08986928104575163
0 0.9248366013071896 0.6699346405228759 0.09150326797385622 0.11764705882352941
0 0.8382352941176471 0.6944444444444444 0.08823529411764706 0.06862745098039216
0 0.6323529411764706 0.5661764705882353 0.14705882352941177 0.07026143790849673
0 0.6266339869281046 0.6397058823529412 0.09313725490196079 0.09313725490196079
0 0.7230392156862745 0.7083333333333334 0.1454248366013072 0.1454248366013072
0 0.7704248366013072 0.8071895424836601 0.08006535947712419 0.0784313725490196
0 0.8619281045751634 0.7818627450980392 0.11601307189542484 0.09640522875816994
0 0.8267973856209151 0.8553921568627452 0.058823529411764705 0.04411764705882353
0 0.6323529411764706 0.763888888888889 0.11111111111111112 0.1519607843137255
0 0.7401960784313726 0.9044117647058824 0.07516339869281045 0.06045751633986928
0 0.5343137254901961 0.6217320261437909 0.09803921568627451 0.09640522875816994
0 0.4673202614379085 0.6168300653594772 0.049019607843137254 0.04411764705882353
0 0.5032679738562091 0.6805555555555556 0.10130718954248366 0.06699346405228758
0 0.5620915032679739 0.7279411764705882 0.049019607843137254 0.06699346405228758
0 0.5 0.7589869281045751 0.06862745098039216 0.06699346405228758
0 0.5220588235294118 0.8316993464052288 0.12254901960784315 0.13071895424836602
0 0.6037581699346405 0.8848039215686275 0.06045751633986928 0.10620915032679738
0 0.6666666666666667 0.9305555555555556 0.09477124183006536 0.08986928104575163
0 0.5825163398692811 0.9656862745098039 0.08333333333333334 0.0392156862745098
0 0.4763071895424837 0.977124183006536 0.11601307189542484 0.042483660130718956
0 0.3741830065359477 0.9689542483660131 0.10784313725490197 0.049019607843137254
0 0.41830065359477125 0.8913398692810458 0.08169934640522876 0.11274509803921569
0 0.369281045751634 0.8251633986928105 0.10457516339869281 0.10457516339869281
0 0.2647058823529412 0.8431372549019608 0.049019607843137254 0.05555555555555556
0 0.3374183006535948 0.7524509803921569 0.05392156862745098 0.07026143790849673
0 0.3888888888888889 0.7459150326797386 0.05555555555555556 0.057189542483660136
0 0.4436274509803922 0.7589869281045751 0.06699346405228758 0.057189542483660136
0 0.36356209150326796 0.6821895424836601 0.06699346405228758 0.07679738562091504
0 0.26062091503267976 0.7508169934640523 0.07352941176470588 0.09967320261437909
0 0.14787581699346405 0.7581699346405228 0.09313725490196079 0.08169934640522876
0 0.184640522875817 0.7222222222222222 0.0392156862745098 0.05555555555555556
0 0.08496732026143791 0.7401960784313726 0.049019607843137254 0.0392156862745098
0 0.25571895424836605 0.6519607843137255 0.1519607843137255 0.08823529411764706
0 0.10212418300653595 0.678921568627451 0.1323529411764706 0.10620915032679738
0 0.04330065359477124 0.6315359477124183 0.06699346405228758 0.06045751633986928
0 0.18872549019607843 0.5898692810457516 0.10294117647058824 0.10784313725490197
0 0.28758169934640526 0.5253267973856209 0.10130718954248366 0.1519607843137255
0 0.35866013071895425 0.4665032679738562 0.10294117647058824 0.15522875816993464
0 0.41911764705882354 0.4027777777777778 0.08333333333333334 0.07352941176470588
0 0.4681372549019608 0.4852941176470588 0.1323529411764706 0.11111111111111112
0 0.5147058823529412 0.3888888888888889 0.11764705882352941 0.08169934640522876
0 0.09967320261437909 0.5506535947712419 0.13725490196078433 0.12745098039215685
0 0.022875816993464054 0.5261437908496732 0.04575163398692811 0.12745098039215685
0 0.19934640522875818 0.4893790849673203 0.058823529411764705 0.09967320261437909
0 0.1323529411764706 0.4354575163398693 0.12418300653594772 0.10294117647058824
0 0.04411764705882353 0.4076797385620915 0.0784313725490196 0.10294117647058824
0 0.24673202614379086 0.4109477124183007 0.11111111111111112 0.08986928104575163
0 0.4436274509803922 0.33496732026143794 0.06699346405228758 0.049019607843137254
0 0.13643790849673204 0.3112745098039216 0.12254901960784315 0.11601307189542484
0 0.2540849673202614 0.3178104575163399 0.119281045751634 0.10294117647058824
0 0.37745098039215685 0.3055555555555556 0.11437908496732027 0.11437908496732027
0 0.47303921568627455 0.28758169934640526 0.08006535947712419 0.0784313725490196
0 0.4869281045751634 0.22630718954248366 0.08169934640522876 0.08986928104575163
0 0.4084967320261438 0.20669934640522877 0.06209150326797386 0.07679738562091504
0 0.3480392156862745 0.18872549019607843 0.10457516339869281 0.119281045751634
0 0.2181372549019608 0.16339869281045752 0.07679738562091504 0.09150326797385622
0 0.22222222222222224 0.09803921568627451 0.058823529411764705 0.04575163398692811
0 0.1568627450980392 0.14950980392156862 0.05228758169934641 0.05065359477124183
0 0.12418300653594772 0.18055555555555555 0.026143790849673203 0.024509803921568627
0 0.3276143790849673 0.08823529411764706 0.06699346405228758 0.07189542483660132
0 0.4795751633986928 0.12663398692810457 0.05392156862745098 0.06372549019607843
0 0.41911764705882354 0.06454248366013073 0.12581699346405228 0.09967320261437909
0 0.48284313725490197 0.014705882352941176 0.05392156862745098 0.029411764705882353
