0 0.505718954248366 0.03104575163398693 0.09313725490196079 0.06209150326797386
0 0.6486928104575164 0.06862745098039216 0.09477124183006536 0.09803921568627451
0 0.5490196078431373 0.09967320261437909 0.15359477124183007 0.10457516339869281
0 0.5612745098039216 0.2099673202614379 0.12254901960784315 0.14215686274509803
0 0.7410130718954249 0.10947712418300654 0.07352941176470588 0.06535947712418301
0 0.667483660130719 0.18055555555555555 0.12581699346405228 0.119281045751634
0 0.6993464052287582 0.2508169934640523 0.08169934640522876 0.08006535947712419
0 0.7728758169934641 0.1968954248366013 0.06862745098039216 0.12254901960784315
0 0.8300653594771242 0.1650326797385621 0.06535947712418301 0.07516339869281045
0 0.8619281045751634 0.2589869281045752 0.09640522875816994 0.11601307189542484
0 0.7916666666666667 0.33251633986928103 0.10620915032679738 0.09640522875816994
0 0.9362745098039216 0.2957516339869281 0.06209150326797386 0.10457516339869281
0 0.6168300653594772 0.37336601307189543 0.13562091503267976 0.14869281045751634
0 0.8488562091503268 0.4035947712418301 0.08660130718954248 0.12091503267973856
0 0.9264705882352942 0.41748366013071897 0.09150326797385622 0.11274509803921569
0 0.7426470588235294 0.4575163398692811 0.10620915032679738 0.16339869281045752
0 0.6127450980392157 0.5236928104575164 0.10784313725490197 0.11601307189542484
0 0.7156862745098039 0.5588235294117647 0.06535947712418301 0.05555555555555556
0 0.8031045751633987 0.5604575163398693 0.08006535947712419 0.08496732026143791
0 0.8553921568627452 0.5866013071895425 0.03758169934640523 0.0392156862745098
0 0.880718954248366 0.5269607843137255 0.11111111111111112 0.14215686274509803
0 0.9452614379084968 0.505718954248366 0.03758169934640523 0.057189542483660136
0 0.9697712418300654 0.5449346405228759 0.057189542483660136 0.11274509803921569
0 0.7287581699346406 0.630718954248366 0.12091503267973856 0.11111111111111112
0 0.8243464052287582 0.6535947712418301 0.07679738562091504 0.11111111111111112
0 0.934640522875817 0.6470588235294118 0.08169934640522876 0.11764705882352941
0 0.8880718954248367 0.6666666666666667 0.06045751633986928 0.10130718954248366
0 0.8758169934640523 0.7246732026143791 0.042483660130718956 0.057189542483660136
0 0.8431372549019608 0.7491830065359477 0.08496732026143791 0.08333333333333334
0 0.9133986928104575 0.7393790849673203 0.058823529411764705 0.07352941176470588
0 0.869281045751634 0.7973856209150327 0.058823529411764705 0.042483660130718956
0 0.7532679738562091 0.7671568627450981 0.10457516339869281 0.08660130718954248
0 0.8390522875816994 0.821078431372549 0.03758169934640523 0.03104575163398693
0 0.7965686274509804 0.880718954248366 0.04084967320261438 0.029411764705882353
0 0.7295751633986929 0.8472222222222222 0.09313725490196079 0.07352941176470588
0 0.6633986928104575 0.704248366013072 0.10784313725490197 0.09150326797385622
0 0.6527777777777778 0.7883986928104575 0.08333333333333334 0.08986928104575163
0 0.5890522875816994 0.7696078431372549 0.06699346405228758 0.08496732026143791
0 0.6102941176470589 0.8496732026143791 0.1323529411764706 0.08169934640522876
0 0.6380718954248367 0.9060457516339869 0.08660130718954248 0.07679738562091504
0 0.7181372549019608 0.9068627450980392 0.09640522875816994 0.06535947712418301
0 0.6805555555555556 0.9419934640522876 0.03758169934640523 0.024509803921568627
0 0.428921568627451 0.9534313725490197 0.09313725490196079 0.08333333333333334
0 0.5416666666666666 0.8978758169934641 0.11601307189542484 0.11601307189542484
0 0.47875816993464054 0.8120915032679739 0.06862745098039216 0.09477124183006536
0 0.5359477124183006 0.7696078431372549 0.04575163398692811 0.08169934640522876
0 0.48447712418300654 0.7344771241830066 0.07026143790849673 0.07026143790849673
0 0.5302287581699346 0.6740196078431373 0.09640522875816994 0.07679738562091504
0 0.5588235294117647 0.5964052287581699 0.05228758169934641 0.049019607843137254
0 0.4714052287581699 0.579248366013072 0.11274509803921569 0.1323529411764706
0 0.4444444444444445 0.6772875816993464 0.08169934640522876 0.07026143790849673
0 0.4207516339869281 0.7573529411764706 0.057189542483660136 0.08006535947712419
0 0.40522875816993464 0.8921568627450981 0.10784313725490197 0.12745098039215685
0 0.3472222222222222 0.8513071895424836 0.09313725490196079 0.10457516339869281
0 0.3431372549019608 0.744281045751634 0.10457516339869281 0.10947712418300654
0 0.16584967320261437 0.8357843137254902 0.11274509803921569 0.10620915032679738
0 0.2549019607843137 0.744281045751634 0.08496732026143791 0.10620915032679738
0 0.184640522875817 0.7377450980392157 0.049019607843137254 0.04738562091503268
0 0.3374183006535948 0.6609477124183006 0.09640522875816994 0.09313725490196079
0 0.10702614379084968 0.7450980392156863 0.08333333333333334 0.08169934640522876
0 0.2426470588235294 0.6576797385620915 0.09313725490196079 0.10620915032679738
0 0.1854575163398693 0.6560457516339869 0.07026143790849673 0.09967320261437909
0 0.09313725490196079 0.6658496732026143 0.07516339869281045 0.07026143790849673
0 0.06454248366013073 0.5816993464052288 0.10620915032679738 0.12745098039215685
0 0.10457516339869281 0.5163398692810458 0.058823529411764705 0.04575163398692811
0 0.19934640522875818 0.5334967320261438 0.14379084967320263 0.1454248366013072
0 0.3055555555555556 0.5473856209150327 0.09150326797385622 0.13071895424836602
0 0.37745098039215685 0.5122549019607844 0.12745098039215685 0.10620915032679738
0 0.41748366013071897 0.4068627450980392 0.08333333333333334 0.05555555555555556
0 0.3243464052287582 0.4027777777777778 0.09640522875816994 0.12908496732026145
0 0.22712418300653595 0.4150326797385621 0.09803921568627451 0.08496732026143791
0 0.12663398692810457 0.41013071895424835 0.12581699346405228 0.12091503267973856
0 0.4722222222222222 0.34558823529411764 0.09803921568627451 0.10620915032679738
0 0.04656862745098039 0.35784313725490197 0.06372549019607843 0.08169934640522876
0 0.24673202614379086 0.3292483660130719 0.07189542483660132 0.06045751633986928
0 0.1650326797385621 0.34477124183006536 0.07189542483660132 0.0784313725490196
0 0.11274509803921569 0.3276143790849673 0.032679738562091505 0.03104575163398693
0 0.0784313725490196 0.27941176470588236 0.05555555555555556 0.08169934640522876
0 0.37336601307189543 0.315359477124183 0.08660130718954248 0.09477124183006536
0 0.4411764705882353 0.2785947712418301 0.06862745098039216 0.05065359477124183
0 0.3194444444444445 0.2679738562091503 0.09313725490196079 0.08496732026143791
0 0.16748366013071897 0.24673202614379086 0.1323529411764706 0.12418300653594772
0 0.4550653594771242 0.22875816993464054 0.07352941176470588 0.08823529411764706
0 0.3496732026143791 0.16258169934640523 0.05555555555555556 0.057189542483660136
0 0.27532679738562094 0.16748366013071897 0.10294117647058824 0.13562091503267976
0 0.42483660130718953 0.12173202614379085 0.09477124183006536 0.15522875816993464
0 0.32516339869281047 0.07516339869281045 0.12091503267973856 0.08823529411764706
