0 0.5392156862745098 0.049019607843137254 0.13398692810457516 0.08823529411764706
0 0.6225490196078431 0.07434640522875817 0.0784313725490196 0.06372549019607843
0 0.5931372549019608 0.14869281045751634 0.06535947712418301 0.11437908496732027
0 0.6683006535947713 0.14052287581699346 0.08169934640522876 0.11111111111111112
0 0.7483660130718954 0.08823529411764706 0.11111111111111112 0.06209150326797386
0 0.8014705882352942 0.17320261437908496 0.10294117647058824 0.12418300653594772
0 0.6160130718954249 0.23529411764705882 0.0784313725490196 0.07516339869281045
0 0.8823529411764706 0.2034313725490196 0.07189542483660132 0.08660130718954248
0 0.9133986928104575 0.2687908496732026 0.06209150326797386 0.04411764705882353
0 0.7475490196078431 0.303921568627451 0.08006535947712419 0.14052287581699346
0 0.9313725490196079 0.33415032679738566 0.07189542483660132 0.09967320261437909
0 0.8537581699346406 0.3831699346405229 0.08986928104575163 0.11601307189542484
0 0.673202614379085 0.3888888888888889 0.12745098039215685 0.13071895424836602
0 0.7581699346405228 0.4027777777777778 0.0392156862745098 0.05065359477124183
0 0.7916666666666667 0.44689542483660133 0.06699346405228758 0.09313725490196079
0 0.9362745098039216 0.411764705882353 0.10784313725490197 0.06862745098039216
0 0.5947712418300654 0.45915032679738566 0.0784313725490196 0.10130718954248366
0 0.6862745098039216 0.5081699346405228 0.13398692810457516 0.07189542483660132
0 0.823529411764706 0.5416666666666666 0.13071895424836602 0.10620915032679738
0 0.9330065359477124 0.5073529411764706 0.06862745098039216 0.09640522875816994
0 0.9803921568627452 0.5334967320261438 0.03594771241830066 0.08986928104575163
0 0.9240196078431373 0.5686274509803921 0.05392156862745098 0.049019607843137254
0 0.9640522875816994 0.6013071895424836 0.049019607843137254 0.06862745098039216
0 0.7377450980392157 0.553921568627451 0.057189542483660136 0.06862745098039216
0 0.8872549019607844 0.5947712418300654 0.03594771241830066 0.03594771241830066
0 0.6323529411764706 0.5645424836601307 0.1503267973856209 0.08660130718954248
0 0.792483660130719 0.6299019607843137 0.13398692810457516 0.09313725490196079
0 0.9183006535947713 0.6764705882352942 0.09803921568627451 0.14379084967320263
0 0.5277777777777778 0.6372549019607844 0.09150326797385622 0.10457516339869281
0 0.6266339869281046 0.6486928104575164 0.11274509803921569 0.11111111111111112
0 0.7246732026143791 0.7132352941176471 0.15522875816993464 0.1388888888888889
0 0.8341503267973857 0.7026143790849674 0.08660130718954248 0.07189542483660132
0 0.8643790849673203 0.7761437908496732 0.09150326797385622 0.08169934640522876
0 0.7720588235294118 0.8080065359477124 0.10620915032679738 0.11274509803921569
0 0.8186274509803921 0.857843137254902 0.06209150326797386 0.058823529411764705
0 0.5179738562091504 0.6911764705882353 0.12091503267973856 0.06862745098039216
0 0.5718954248366013 0.7369281045751634 0.032679738562091505 0.0392156862745098
0 0.6225490196078431 0.7655228758169935 0.058823529411764705 0.08333333333333334
0 0.6821895424836601 0.8047385620915033 0.06045751633986928 0.06045751633986928
0 0.6723856209150327 0.9305555555555556 0.09967320261437909 0.09313725490196079
0 0.5947712418300654 0.8937908496732027 0.09150326797385622 0.12745098039215685
0 0.5302287581699346 0.7696078431372549 0.14215686274509803 0.08823529411764706
0 0.5506535947712419 0.9468954248366014 0.09477124183006536 0.09313725490196079
0 0.46895424836601307 0.9730392156862745 0.10457516339869281 0.04411764705882353
0 0.37745098039215685 0.9477124183006537 0.0784313725490196 0.07516339869281045
0 0.42401960784313725 0.8823529411764706 0.07026143790849673 0.0784313725490196
0 0.37173202614379086 0.8112745098039216 0.119281045751634 0.13562091503267976
0 0.26552287581699346 0.8308823529411765 0.10947712418300654 0.11601307189542484
0 0.16258169934640523 0.803921568627451 0.08006535947712419 0.07516339869281045
0 0.12173202614379085 0.7589869281045751 0.04411764705882353 0.05392156862745098
0 0.19444444444444445 0.7238562091503268 0.10130718954248366 0.08496732026143791
0 0.26633986928104575 0.7450980392156863 0.058823529411764705 0.06535947712418301
0 0.38562091503267976 0.7410130718954249 0.05555555555555556 0.04738562091503268
0 0.3431372549019608 0.6944444444444444 0.11437908496732027 0.11764705882352941
0 0.25326797385620914 0.6495098039215687 0.16339869281045752 0.07352941176470588
0 0.10375816993464053 0.6830065359477124 0.12254901960784315 0.09477124183006536
0 0.05065359477124183 0.6315359477124183 0.0784313725490196 0.08986928104575163
0 0.09967320261437909 0.5547385620915033 0.15359477124183007 0.11274509803921569
0 0.18872549019607843 0.5857843137254902 0.10294117647058824 0.09967320261437909
0 0.31209150326797386 0.5996732026143791 0.06209150326797386 0.06862745098039216
0 0.27369281045751637 0.5163398692810458 0.06045751633986928 0.09477124183006536
0 0.20098039215686275 0.47794117647058826 0.10130718954248366 0.10294117647058824
0 0.12663398692810457 0.4338235294117647 0.08333333333333334 0.05392156862745098
0 0.23447712418300654 0.5253267973856209 0.03104575163398693 0.04411764705882353
0 0.04166666666666667 0.49101307189542487 0.07352941176470588 0.06372549019607843
0 0.04738562091503268 0.41748366013071897 0.0784313725490196 0.10294117647058824
0 0.11683006535947713 0.4011437908496732 0.04084967320261438 0.04411764705882353
0 0.37254901960784315 0.46568627450980393 0.13398692810457516 0.16013071895424838
0 0.24591503267973858 0.41013071895424835 0.119281045751634 0.09150326797385622
0 0.17238562091503268 0.3684640522875817 0.05065359477124183 0.05392156862745098
0 0.07434640522875817 0.34477124183006536 0.06699346405228758 0.0784313725490196
0 0.14705882352941177 0.303921568627451 0.09803921568627451 0.08823529411764706
0 0.25326797385620914 0.32189542483660133 0.11764705882352941 0.10457516339869281
0 0.352124183006536 0.35294117647058826 0.07026143790849673 0.05555555555555556
0 0.36764705882352944 0.2965686274509804 0.0784313725490196 0.09313725490196079
0 0.45016339869281047 0.3276143790849673 0.10620915032679738 0.10947712418300654
0 0.5294117647058824 0.38562091503267976 0.13071895424836602 0.10784313725490197
0 0.49183006535947715 0.4803921568627451 0.042483660130718956 0.04575163398692811
0 0.5245098039215687 0.2777777777777778 0.07516339869281045 0.06209150326797386
0 0.40931372549019607 0.21323529411764708 0.12581699346405228 0.09313725490196079
0 0.5040849673202614 0.2246732026143791 0.04411764705882353 0.05392156862745098
0 0.21650326797385622 0.16748366013071897 0.06699346405228758 0.07026143790849673
0 0.1593137254901961 0.14624183006535948 0.057189542483660136 0.07026143790849673
0 0.22303921568627452 0.10375816993464053 0.06045751633986928 0.06372549019607843
0 0.3357843137254902 0.16911764705882354 0.057189542483660136 0.06045751633986928
0 0.49754901960784315 0.1503267973856209 0.1388888888888889 0.12091503267973856
0 0.41258169934640526 0.0661764705882353 0.12908496732026145 0.11601307189542484
0 0.30637254901960786 0.06209150326797386 0.07679738562091504 0.08496732026143791
