0 0.5996732026143791 0.035130718954248366 0.08169934640522876 0.05065359477124183
0 0.5498366013071896 0.08823529411764706 0.1388888888888889 0.09150326797385622
0 0.6560457516339869 0.08169934640522876 0.08333333333333334 0.07516339869281045
0 0.7524509803921569 0.10457516339869281 0.10294117647058824 0.08496732026143791
0 0.6756535947712419 0.184640522875817 0.12254901960784315 0.11437908496732027
0 0.5645424836601307 0.2099673202614379 0.1323529411764706 0.14869281045751634
0 0.4665032679738562 0.22222222222222224 0.08986928104575163 0.08823529411764706
0 0.4754901960784314 0.2818627450980392 0.06535947712418301 0.06045751633986928
0 0.7565359477124183 0.20506535947712418 0.06209150326797386 0.12581699346405228
0 0.8202614379084967 0.18709150326797386 0.09477124183006536 0.12908496732026145
0 0.8619281045751634 0.2540849673202614 0.09967320261437909 0.09967320261437909
0 0.9330065359477124 0.28839869281045755 0.05228758169934641 0.08660130718954248
0 0.7892156862745098 0.33905228758169936 0.08169934640522876 0.07026143790849673
0 0.6119281045751634 0.3700980392156863 0.119281045751634 0.1388888888888889
0 0.7614379084967321 0.4624183006535948 0.11111111111111112 0.16013071895424838
0 0.8545751633986929 0.3962418300653595 0.12091503267973856 0.1388888888888889
0 0.934640522875817 0.41339869281045755 0.032679738562091505 0.042483660130718956
0 0.9730392156862745 0.4027777777777778 0.05065359477124183 0.05065359477124183
0 0.9705882352941176 0.4616013071895425 0.05555555555555556 0.04411764705882353
0 0.888888888888889 0.5196078431372549 0.12745098039215685 0.14052287581699346
0 0.9362745098039216 0.5645424836601307 0.03594771241830066 0.03104575163398693
0 0.9714052287581699 0.5408496732026143 0.04738562091503268 0.13071895424836602
0 0.8529411764705883 0.5890522875816994 0.06209150326797386 0.06372549019607843
0 0.7949346405228759 0.571078431372549 0.04738562091503268 0.05065359477124183
0 0.9436274509803921 0.6405228758169935 0.06372549019607843 0.058823529411764705
0 0.8774509803921569 0.6650326797385621 0.06535947712418301 0.11437908496732027
0 0.8120915032679739 0.6642156862745098 0.04575163398692811 0.06372549019607843
0 0.7230392156862745 0.6225490196078431 0.119281045751634 0.09803921568627451
0 0.579248366013072 0.4575163398692811 0.08333333333333334 0.08823529411764706
0 0.673202614379085 0.5187908496732027 0.08169934640522876 0.05065359477124183
0 0.6356209150326798 0.5669934640522876 0.0784313725490196 0.05228758169934641
0 0.8447712418300654 0.7418300653594772 0.08169934640522876 0.09150326797385622
0 0.9199346405228759 0.7410130718954249 0.06209150326797386 0.09640522875816994
0 0.8284313725490197 0.7990196078431373 0.09803921568627451 0.08823529411764706
0 0.7066993464052288 0.7058823529411765 0.09313725490196079 0.08169934640522876
0 0.803921568627451 0.6111111111111112 0.042483660130718956 0.042483660130718956
0 0.7426470588235294 0.7769607843137255 0.08660130718954248 0.07352941176470588
0 0.6372549019607844 0.7720588235294118 0.12091503267973856 0.14215686274509803
0 0.7450980392156863 0.8447712418300654 0.049019607843137254 0.049019607843137254
0 0.7459150326797386 0.9003267973856209 0.12254901960784315 0.08496732026143791
0 0.6331699346405228 0.9117647058823529 0.08986928104575163 0.08169934640522876
0 0.565359477124183 0.9673202614379085 0.10130718954248366 0.058823529411764705
0 0.542483660130719 0.9068627450980392 0.08823529411764706 0.08823529411764706
0 0.5130718954248367 0.8619281045751634 0.06535947712418301 0.024509803921568627
0 0.5988562091503268 0.8513071895424836 0.09313725490196079 0.06862745098039216
0 0.5171568627450981 0.8014705882352942 0.09967320261437909 0.08006535947712419
0 0.4795751633986928 0.7524509803921569 0.09640522875816994 0.10947712418300654
0 0.4428104575163399 0.6666666666666667 0.049019607843137254 0.04575163398692811
0 0.4795751633986928 0.6740196078431373 0.04084967320261438 0.04084967320261438
0 0.5375816993464052 0.6764705882352942 0.08496732026143791 0.06862745098039216
0 0.5506535947712419 0.6102941176470589 0.09477124183006536 0.08660130718954248
0 0.46895424836601307 0.6004901960784313 0.09803921568627451 0.09313725490196079
0 0.39215686274509803 0.5016339869281046 0.08169934640522876 0.09477124183006536
0 0.4624183006535948 0.4673202614379085 0.09803921568627451 0.09803921568627451
0 0.4485294117647059 0.9558823529411765 0.10294117647058824 0.0784313725490196
0 0.41339869281045755 0.8913398692810458 0.10457516339869281 0.13562091503267976
0 0.3513071895424837 0.8537581699346406 0.08169934640522876 0.09640522875816994
0 0.33986928104575165 0.7524509803921569 0.09803921568627451 0.11601307189542484
0 0.40441176470588236 0.7606209150326798 0.04084967320261438 0.04738562091503268
0 0.32516339869281047 0.6650326797385621 0.05555555555555556 0.0784313725490196
0 0.30228758169934644 0.5367647058823529 0.11111111111111112 0.1650326797385621
0 0.25653594771241833 0.7475490196078431 0.0784313725490196 0.09640522875816994
0 0.15114379084967322 0.8300653594771242 0.08006535947712419 0.08169934640522876
0 0.16666666666666669 0.7516339869281046 0.09150326797385622 0.09150326797385622
0 0.238562091503268 0.6658496732026143 0.08823529411764706 0.09313725490196079
0 0.18790849673202614 0.6486928104575164 0.07516339869281045 0.11111111111111112
0 0.09477124183006536 0.6666666666666667 0.11764705882352941 0.10457516339869281
0 0.20261437908496732 0.5367647058823529 0.10130718954248366 0.119281045751634
0 0.09885620915032681 0.5441176470588236 0.10294117647058824 0.12091503267973856
0 0.032679738562091505 0.4991830065359477 0.042483660130718956 0.1454248366013072
0 0.13643790849673204 0.41911764705882354 0.13562091503267976 0.11274509803921569
0 0.0392156862745098 0.3602941176470588 0.04575163398692811 0.06699346405228758
0 0.23937908496732027 0.4207516339869281 0.04738562091503268 0.04084967320261438
0 0.32598039215686275 0.39869281045751637 0.08986928104575163 0.12091503267973856
0 0.41911764705882354 0.4027777777777778 0.09640522875816994 0.07352941176470588
0 0.37826797385620914 0.30637254901960786 0.11274509803921569 0.11274509803921569
0 0.12826797385620917 0.32598039215686275 0.10947712418300654 0.09313725490196079
0 0.2540849673202614 0.3161764705882353 0.07352941176470588 0.09313725490196079
0 0.303921568627451 0.2647058823529412 0.049019607843137254 0.06862745098039216
0 0.17892156862745098 0.24591503267973858 0.09967320261437909 0.11601307189542484
0 0.352124183006536 0.18382352941176472 0.09640522875816994 0.10294117647058824
0 0.2769607843137255 0.15604575163398693 0.05392156862745098 0.08006535947712419
0 0.21568627450980393 0.15604575163398693 0.06535947712418301 0.08006535947712419
0 0.3276143790849673 0.08741830065359478 0.11601307189542484 0.08986928104575163
0 0.4395424836601307 0.08251633986928104 0.05555555555555556 0.09640522875816994
