0 0.501953125 0.033203125 0.10546875 0.06640625
0 0.630859375 0.05859375 0.08203125 0.0859375
0 0.54296875 0.095703125 0.1328125 0.08984375
0 0.66015625 0.171875 0.109375 0.109375
0 0.51953125 0.16796875 0.0390625 0.0703125
0 0.55078125 0.2109375 0.09375 0.109375
0 0.6953125 0.251953125 0.1171875 0.09765625
0 0.7734375 0.169921875 0.0703125 0.05078125
0 0.80859375 0.212890625 0.0859375 0.07421875
0 0.861328125 0.255859375 0.08984375 0.10546875
0 0.783203125 0.322265625 0.11328125 0.08984375
0 0.6171875 0.369140625 0.140625 0.15234375
0 0.72265625 0.376953125 0.0546875 0.04296875
0 0.919921875 0.41015625 0.10546875 0.125
0 0.818359375 0.39453125 0.08203125 0.0703125
0 0.734375 0.458984375 0.09375 0.11328125
0 0.873046875 0.521484375 0.08203125 0.12109375
0 0.80078125 0.556640625 0.0859375 0.08203125
0 0.9375 0.505859375 0.0703125 0.05859375
0 0.962890625 0.5390625 0.05078125 0.0859375
0 0.92578125 0.576171875 0.046875 0.04296875
0 0.609375 0.515625 0.125 0.1328125
0 0.7109375 0.55078125 0.0859375 0.078125
0 0.7265625 0.630859375 0.109375 0.08984375
0 0.931640625 0.64453125 0.08203125 0.1015625
0 0.822265625 0.65625 0.07421875 0.1171875
0 0.890625 0.66796875 0.046875 0.0859375
0 0.875 0.71875 0.0546875 0.078125
0 0.76953125 0.6953125 0.0546875 0.0625
0 0.662109375 0.705078125 0.11328125 0.11328125
0 0.822265625 0.7578125 0.05078125 0.0625
0 0.748046875 0.763671875 0.10546875 0.07421875
0 0.857421875 0.794921875 0.07421875 0.07421875
0 0.666015625 0.79296875 0.05078125 0.046875
0 0.7265625 0.837890625 0.0859375 0.07421875
0 0.642578125 0.900390625 0.05078125 0.05078125
0 0.572265625 0.939453125 0.08203125 0.08203125
0 0.615234375 0.845703125 0.12109375 0.08203125
0 0.419921875 0.951171875 0.08203125 0.05859375
0 0.470703125 0.904296875 0.05078125 0.06640625
0 0.548828125 0.759765625 0.08203125 0.12109375
0 0.6015625 0.76171875 0.046875 0.0703125
0 0.51953125 0.876953125 0.0703125 0.08984375
0 0.525390625 0.666015625 0.08984375 0.05859375
0 0.39453125 0.88671875 0.09375 0.109375
0 0.333984375 0.84765625 0.07421875 0.1015625
0 0.42578125 0.755859375 0.0703125 0.10546875
0 0.482421875 0.80859375 0.08203125 0.1015625
0 0.4375 0.671875 0.078125 0.0703125
0 0.33984375 0.736328125 0.1015625 0.10546875
0 0.33203125 0.65625 0.1015625 0.0703125
0 0.390625 0.79296875 0.03125 0.03125
0 0.482421875 0.5703125 0.11328125 0.1328125
0 0.42578125 0.451171875 0.0546875 0.08203125
0 0.3671875 0.51171875 0.140625 0.109375
0 0.25 0.73828125 0.078125 0.0859375
0 0.166015625 0.830078125 0.12109375 0.08984375
0 0.181640625 0.73828125 0.05078125 0.09375
0 0.103515625 0.740234375 0.08984375 0.08984375
0 0.240234375 0.65234375 0.08984375 0.09375
0 0.125 0.658203125 0.0625 0.06640625
0 0.1796875 0.654296875 0.0546875 0.07421875
0 0.06640625 0.5703125 0.125 0.15625
0 0.208984375 0.541015625 0.15234375 0.14453125
0 0.458984375 0.33984375 0.08984375 0.1015625
0 0.384765625 0.375 0.07421875 0.0625
0 0.314453125 0.396484375 0.08203125 0.12109375
0 0.21875 0.408203125 0.125 0.10546875
0 0.107421875 0.416015625 0.07421875 0.10546875
0 0.046875 0.353515625 0.0625 0.09765625
0 0.15625 0.333984375 0.078125 0.06640625
0 0.2421875 0.30859375 0.109375 0.09375
0 0.080078125 0.271484375 0.06640625 0.12109375
0 0.1640625 0.244140625 0.1171875 0.11328125
0 0.369140625 0.306640625 0.05078125 0.05078125
0 0.435546875 0.263671875 0.08203125 0.07421875
0 0.326171875 0.259765625 0.11328125 0.08984375
0 0.41796875 0.125 0.1171875 0.1640625
0 0.3203125 0.068359375 0.0859375 0.07421875
0 0.27734375 0.15625 0.1171875 0.125
0 0.2109375 0.107421875 0.078125 0.07421875
