0 0.505859375 0.033203125 0.10546875 0.06640625
0 0.626953125 0.05859375 0.08203125 0.0859375
0 0.544921875 0.099609375 0.12890625 0.08984375
0 0.662109375 0.171875 0.11328125 0.109375
0 0.55078125 0.21875 0.09375 0.109375
0 0.521484375 0.171875 0.04296875 0.0703125
0 0.689453125 0.251953125 0.12109375 0.09765625
0 0.77734375 0.169921875 0.078125 0.05859375
0 0.80859375 0.212890625 0.0859375 0.08203125
0 0.859375 0.259765625 0.0859375 0.10546875
0 0.783203125 0.318359375 0.11328125 0.08203125
0 0.7265625 0.376953125 0.0625 0.04296875
0 0.822265625 0.39453125 0.10546875 0.078125
0 0.921875 0.408203125 0.109375 0.12890625
0 0.734375 0.45703125 0.0859375 0.125
0 0.796875 0.5546875 0.09375 0.078125
0 0.873046875 0.525390625 0.08203125 0.12109375
0 0.943359375 0.505859375 0.07421875 0.05859375
0 0.962890625 0.54296875 0.05078125 0.078125
0 0.92578125 0.57421875 0.046875 0.046875
0 0.93359375 0.646484375 0.078125 0.09765625
0 0.7109375 0.5546875 0.09375 0.0859375
0 0.615234375 0.373046875 0.13671875 0.13671875
0 0.59765625 0.521484375 0.1484375 0.12890625
0 0.728515625 0.6328125 0.11328125 0.0859375
0 0.822265625 0.65234375 0.07421875 0.109375
0 0.892578125 0.669921875 0.05078125 0.07421875
0 0.87109375 0.71484375 0.0546875 0.0703125
0 0.771484375 0.693359375 0.05078125 0.05859375
0 0.6640625 0.70703125 0.1171875 0.109375
0 0.75390625 0.76171875 0.1171875 0.078125
0 0.826171875 0.7578125 0.05859375 0.046875
0 0.859375 0.791015625 0.078125 0.07421875
0 0.724609375 0.83984375 0.08984375 0.078125
0 0.619140625 0.841796875 0.12109375 0.08203125
0 0.646484375 0.896484375 0.05078125 0.04296875
0 0.57421875 0.94140625 0.078125 0.0859375
0 0.52734375 0.66796875 0.0859375 0.0546875
0 0.546875 0.76171875 0.0703125 0.1171875
0 0.4140625 0.9453125 0.078125 0.0703125
0 0.46875 0.90234375 0.0546875 0.078125
0 0.3359375 0.84765625 0.0859375 0.0859375
0 0.38671875 0.890625 0.09375 0.1171875
0 0.4765625 0.806640625 0.078125 0.10546875
0 0.42578125 0.751953125 0.078125 0.09765625
0 0.44140625 0.67578125 0.0859375 0.0625
0 0.33984375 0.744140625 0.09375 0.09765625
0 0.330078125 0.65625 0.09765625 0.0703125
0 0.16796875 0.828125 0.125 0.0859375
0 0.251953125 0.73828125 0.07421875 0.09375
0 0.470703125 0.568359375 0.08984375 0.12109375
0 0.51953125 0.607421875 0.046875 0.05859375
0 0.3671875 0.515625 0.1328125 0.1171875
0 0.423828125 0.44921875 0.05859375 0.0859375
0 0.103515625 0.73828125 0.08984375 0.1015625
0 0.185546875 0.740234375 0.05078125 0.09765625
0 0.240234375 0.65234375 0.08984375 0.09375
0 0.181640625 0.658203125 0.05078125 0.08203125
0 0.123046875 0.654296875 0.06640625 0.06640625
0 0.205078125 0.5390625 0.16015625 0.140625
0 0.06640625 0.572265625 0.125 0.15234375
0 0.107421875 0.4140625 0.07421875 0.1015625
0 0.220703125 0.40625 0.12109375 0.1015625
0 0.3125 0.3984375 0.078125 0.125
0 0.392578125 0.375 0.08203125 0.0625
0 0.46484375 0.341796875 0.09375 0.09765625
0 0.048828125 0.349609375 0.06640625 0.08984375
0 0.154296875 0.33203125 0.08203125 0.0703125
0 0.240234375 0.3046875 0.10546875 0.1015625
0 0.3671875 0.3046875 0.046875 0.0546875
0 0.4375 0.263671875 0.09375 0.07421875
0 0.326171875 0.259765625 0.12109375 0.08984375
0 0.083984375 0.275390625 0.05859375 0.12109375
0 0.1640625 0.244140625 0.1171875 0.11328125
0 0.416015625 0.123046875 0.12109375 0.16796875
0 0.27734375 0.150390625 0.1171875 0.12109375
0 0.3203125 0.07421875 0.09375 0.0625
0 0.205078125 0.111328125 0.08203125 0.06640625
0 0.6640625 0.794921875 0.0546875 0.05078125
0 0.609375 0.611328125 0.0703125 0.03515625
