0 0.5016339869281046 0.031862745098039214 0.0784313725490196 0.057189542483660136
0 0.5841503267973857 0.03022875816993464 0.07026143790849673 0.04411764705882353
0 0.5506535947712419 0.09803921568627451 0.14379084967320263 0.10784313725490197
0 0.6535947712418301 0.0727124183006536 0.08823529411764706 0.08986928104575163
0 0.6707516339869282 0.17973856209150327 0.12254901960784315 0.11764705882352941
0 0.5604575163398693 0.21160130718954248 0.13071895424836602 0.1454248366013072
0 0.704248366013072 0.24836601307189543 0.05555555555555556 0.05555555555555556
0 0.7483660130718954 0.10620915032679738 0.09477124183006536 0.07516339869281045
0 0.7622549019607844 0.20669934640522877 0.06699346405228758 0.1323529411764706
0 0.8284313725490197 0.16993464052287582 0.0784313725490196 0.09477124183006536
0 0.7941176470588236 0.33986928104575165 0.09150326797385622 0.09150326797385622
0 0.863562091503268 0.2549019607843137 0.09313725490196079 0.10784313725490197
0 0.9362745098039216 0.2957516339869281 0.06535947712418301 0.09477124183006536
0 0.6160130718954249 0.369281045751634 0.12418300653594772 0.14052287581699346
0 0.5751633986928105 0.45669934640522875 0.07516339869281045 0.07679738562091504
0 0.852124183006536 0.4019607843137255 0.10947712418300654 0.13071895424836602
0 0.9379084967320261 0.428921568627451 0.05228758169934641 0.06045751633986928
0 0.7475490196078431 0.4607843137254902 0.11274509803921569 0.17320261437908496
0 0.6070261437908497 0.5236928104575164 0.08660130718954248 0.08986928104575163
0 0.6658496732026143 0.5179738562091504 0.04738562091503268 0.049019607843137254
0 0.8031045751633987 0.5702614379084967 0.07026143790849673 0.06862745098039216
0 0.8839869281045752 0.5236928104575164 0.12091503267973856 0.1454248366013072
0 0.9689542483660131 0.5408496732026143 0.049019607843137254 0.12418300653594772
0 0.8545751633986929 0.5923202614379085 0.042483660130718956 0.06699346405228758
0 0.7254901960784313 0.6241830065359477 0.13071895424836602 0.10784313725490197
0 0.8186274509803921 0.6584967320261438 0.07516339869281045 0.09477124183006536
0 0.8815359477124183 0.6691176470588236 0.057189542483660136 0.10947712418300654
0 0.9370915032679739 0.6413398692810458 0.07679738562091504 0.10620915032679738
0 0.8455882352941176 0.7459150326797386 0.09313725490196079 0.08333333333333334
0 0.6535947712418301 0.696078431372549 0.058823529411764705 0.05228758169934641
0 0.7091503267973857 0.7116013071895425 0.05555555555555556 0.04738562091503268
0 0.75 0.7696078431372549 0.09803921568627451 0.08169934640522876
0 0.8284313725490197 0.803921568627451 0.08496732026143791 0.0784313725490196
0 0.6470588235294118 0.7769607843137255 0.10457516339869281 0.119281045751634
0 0.7491830065359477 0.7736928104575164 0.09313725490196079 0.08333333333333334
0 0.7369281045751634 0.8455882352941176 0.07189542483660132 0.06372549019607843
0 0.6053921568627452 0.8496732026143791 0.12254901960784315 0.08496732026143791
0 0.6413398692810458 0.9060457516339869 0.09640522875816994 0.08006535947712419
0 0.7401960784313726 0.9035947712418301 0.11764705882352941 0.07516339869281045
0 0.5400326797385621 0.9044117647058824 0.10947712418300654 0.10620915032679738
0 0.5767973856209151 0.7745098039215687 0.06209150326797386 0.08169934640522876
0 0.47794117647058826 0.823529411764706 0.05392156862745098 0.049019607843137254
0 0.43790849673202614 0.9501633986928105 0.10457516339869281 0.07026143790849673
0 0.4076797385620915 0.8946078431372549 0.10947712418300654 0.14215686274509803
0 0.3496732026143791 0.852124183006536 0.09803921568627451 0.09967320261437909
0 0.4199346405228758 0.7614379084967321 0.05228758169934641 0.06862745098039216
0 0.48284313725490197 0.7524509803921569 0.07679738562091504 0.10620915032679738
0 0.5351307189542484 0.6781045751633987 0.08986928104575163 0.0784313725490196
0 0.4436274509803922 0.673202614379085 0.07352941176470588 0.06535947712418301
0 0.5571895424836601 0.6037581699346405 0.0784313725490196 0.08333333333333334
0 0.46895424836601307 0.5882352941176471 0.10784313725490197 0.12091503267973856
0 0.34068627450980393 0.7516339869281046 0.10294117647058824 0.11111111111111112
0 0.2540849673202614 0.7467320261437909 0.08006535947712419 0.10130718954248366
0 0.3292483660130719 0.6617647058823529 0.07679738562091504 0.08823529411764706
0 0.2377450980392157 0.6576797385620915 0.09313725490196079 0.09967320261437909
0 0.1772875816993464 0.7450980392156863 0.07352941176470588 0.0784313725490196
0 0.15522875816993464 0.8316993464052288 0.09150326797385622 0.10130718954248366
0 0.11029411764705882 0.744281045751634 0.057189542483660136 0.07352941176470588
0 0.18790849673202614 0.6535947712418301 0.06862745098039216 0.11764705882352941
0 0.09395424836601307 0.6617647058823529 0.09313725490196079 0.09150326797385622
0 0.39133986928104575 0.5122549019607844 0.10294117647058824 0.10620915032679738
0 0.3031045751633987 0.5383986928104575 0.09313725490196079 0.1454248366013072
0 0.1985294117647059 0.5326797385620915 0.12254901960784315 0.13071895424836602
0 0.09967320261437909 0.5310457516339869 0.07516339869281045 0.09150326797385622
0 0.056372549019607844 0.5972222222222222 0.08006535947712419 0.07352941176470588
0 0.4550653594771242 0.45996732026143794 0.06372549019607843 0.08660130718954248
0 0.41421568627450983 0.4035947712418301 0.08986928104575163 0.0784313725490196
0 0.32598039215686275 0.4019607843137255 0.09640522875816994 0.12745098039215685
0 0.23692810457516342 0.41748366013071897 0.0784313725490196 0.07679738562091504
0 0.13071895424836602 0.4199346405228758 0.13071895424836602 0.12418300653594772
0 0.16993464052287582 0.3472222222222222 0.049019607843137254 0.07026143790849673
0 0.10866013071895425 0.32598039215686275 0.06699346405228758 0.06699346405228758
0 0.04330065359477124 0.3602941176470588 0.05392156862745098 0.07679738562091504
0 0.25653594771241833 0.31699346405228757 0.058823529411764705 0.07189542483660132
0 0.3088235294117647 0.2638888888888889 0.06535947712418301 0.08660130718954248
0 0.37745098039215685 0.3104575163398693 0.10457516339869281 0.10457516339869281
0 0.46977124183006536 0.34558823529411764 0.08660130718954248 0.10294117647058824
0 0.4624183006535948 0.27941176470588236 0.029411764705882353 0.029411764705882353
0 0.17565359477124184 0.2434640522875817 0.119281045751634 0.12091503267973856
0 0.4616013071895425 0.22140522875816995 0.08660130718954248 0.09967320261437909
0 0.3513071895424837 0.17238562091503268 0.0784313725490196 0.08986928104575163
0 0.2728758169934641 0.16666666666666669 0.08496732026143791 0.11764705882352941
0 0.21323529411764708 0.15849673202614378 0.04411764705882353 0.06862745098039216
0 0.4281045751633987 0.1119281045751634 0.08169934640522876 0.12581699346405228
0 0.32189542483660133 0.08169934640522876 0.11437908496732027 0.09150326797385622
