0 0.5040849673202614 0.03022875816993464 0.08333333333333334 0.06045751633986928
0 0.5808823529411765 0.02777777777777778 0.057189542483660136 0.032679738562091505
0 0.6503267973856209 0.07352941176470588 0.08823529411764706 0.09477124183006536
0 0.5522875816993464 0.09803921568627451 0.14705882352941177 0.10130718954248366
0 0.5620915032679739 0.2107843137254902 0.12418300653594772 0.14705882352941177
0 0.6683006535947713 0.1781045751633987 0.11437908496732027 0.11437908496732027
0 0.7434640522875817 0.11111111111111112 0.08496732026143791 0.07189542483660132
0 0.7663398692810458 0.19934640522875818 0.06862745098039216 0.12745098039215685
0 0.829248366013072 0.16584967320261437 0.06372549019607843 0.08660130718954248
0 0.7009803921568628 0.25326797385620914 0.07189542483660132 0.07189542483660132
0 0.792483660130719 0.3374183006535948 0.10130718954248366 0.08986928104575163
0 0.863562091503268 0.25980392156862747 0.10294117647058824 0.11437908496732027
0 0.934640522875817 0.3047385620915033 0.06535947712418301 0.09967320261437909
0 0.934640522875817 0.4256535947712418 0.08169934640522876 0.08006535947712419
0 0.8529411764705883 0.39950980392156865 0.10130718954248366 0.12581699346405228
0 0.7450980392156863 0.4624183006535948 0.11437908496732027 0.16339869281045752
0 0.9673202614379085 0.46568627450980393 0.05228758169934641 0.03594771241830066
0 0.6160130718954249 0.37173202614379086 0.13071895424836602 0.1454248366013072
0 0.5661764705882353 0.4550653594771242 0.05065359477124183 0.057189542483660136
0 0.6111111111111112 0.5269607843137255 0.09803921568627451 0.10947712418300654
0 0.7132352941176471 0.5645424836601307 0.05065359477124183 0.04411764705882353
0 0.8031045751633987 0.5620915032679739 0.07679738562091504 0.0784313725490196
0 0.883169934640523 0.5269607843137255 0.11274509803921569 0.14869281045751634
0 0.9681372549019608 0.542483660130719 0.05065359477124183 0.12418300653594772
0 0.8545751633986929 0.5923202614379085 0.042483660130718956 0.05392156862745098
0 0.7271241830065359 0.6339869281045751 0.12418300653594772 0.11111111111111112
0 0.8243464052287582 0.6609477124183006 0.07679738562091504 0.10294117647058824
0 0.8864379084967321 0.6683006535947713 0.05065359477124183 0.10130718954248366
0 0.9379084967320261 0.6454248366013072 0.08169934640522876 0.11111111111111112
0 0.8766339869281046 0.7295751633986929 0.03104575163398693 0.04738562091503268
0 0.8480392156862745 0.75 0.08496732026143791 0.08169934640522876
0 0.8651960784313726 0.7949346405228759 0.04084967320261438 0.03758169934640523
0 0.8284313725490197 0.8063725490196079 0.07189542483660132 0.057189542483660136
0 0.7540849673202614 0.7704248366013072 0.10620915032679738 0.08660130718954248
0 0.6535947712418301 0.7009803921568628 0.07516339869281045 0.07516339869281045
0 0.6519607843137255 0.7785947712418301 0.09150326797385622 0.10620915032679738
0 0.7361111111111112 0.8480392156862745 0.08660130718954248 0.07516339869281045
0 0.7271241830065359 0.9109477124183006 0.09803921568627451 0.07352941176470588
0 0.638888888888889 0.9093137254901961 0.09150326797385622 0.08006535947712419
0 0.5416666666666666 0.9003267973856209 0.119281045751634 0.11111111111111112
0 0.5841503267973857 0.7687908496732027 0.06372549019607843 0.08986928104575163
0 0.4803921568627451 0.8218954248366014 0.06209150326797386 0.06209150326797386
0 0.5694444444444444 0.9665032679738562 0.06372549019607843 0.04084967320261438
0 0.43218954248366015 0.9534313725490197 0.09967320261437909 0.07679738562091504
0 0.40931372549019607 0.8954248366013072 0.10947712418300654 0.13398692810457516
0 0.3480392156862745 0.8513071895424836 0.09803921568627451 0.10457516339869281
0 0.4256535947712418 0.7581699346405228 0.06372549019607843 0.07189542483660132
0 0.48447712418300654 0.7459150326797386 0.07352941176470588 0.09313725490196079
0 0.5334967320261438 0.6764705882352942 0.10294117647058824 0.06862745098039216
0 0.4436274509803922 0.6756535947712419 0.08333333333333334 0.06699346405228758
0 0.3431372549019608 0.7516339869281046 0.10457516339869281 0.11764705882352941
0 0.33333333333333337 0.6625816993464052 0.08823529411764706 0.08986928104575163
0 0.2540849673202614 0.7434640522875817 0.08660130718954248 0.09803921568627451
0 0.16339869281045752 0.8300653594771242 0.10457516339869281 0.10130718954248366
0 0.18300653594771243 0.7426470588235294 0.058823529411764705 0.06372549019607843
0 0.1053921568627451 0.7475490196078431 0.08006535947712419 0.08333333333333334
0 0.09395424836601307 0.6642156862745098 0.08986928104575163 0.07352941176470588
0 0.18627450980392157 0.6576797385620915 0.07189542483660132 0.10947712418300654
0 0.23937908496732027 0.6593137254901961 0.09313725490196079 0.10294117647058824
0 0.5571895424836601 0.6070261437908497 0.06209150326797386 0.07026143790849673
0 0.46895424836601307 0.5841503267973857 0.11111111111111112 0.1388888888888889
0 0.4575163398692811 0.45915032679738566 0.05228758169934641 0.0784313725490196
0 0.38562091503267976 0.513888888888889 0.12745098039215685 0.10294117647058824
0 0.3031045751633987 0.5433006535947713 0.08986928104575163 0.14215686274509803
0 0.20833333333333334 0.5359477124183006 0.14215686274509803 0.14052287581699346
0 0.10375816993464053 0.5196078431372549 0.06372549019607843 0.058823529411764705
0 0.059640522875817 0.5923202614379085 0.09640522875816994 0.10294117647058824
0 0.4166666666666667 0.4027777777777778 0.08823529411764706 0.06699346405228758
0 0.32516339869281047 0.4027777777777778 0.09803921568627451 0.12581699346405228
0 0.23202614379084968 0.4158496732026144 0.0784313725490196 0.08660130718954248
0 0.12826797385620917 0.4150326797385621 0.12581699346405228 0.12418300653594772
0 0.04493464052287582 0.35784313725490197 0.06372549019607843 0.0784313725490196
0 0.4714052287581699 0.34885620915032683 0.09313725490196079 0.11274509803921569
0 0.37336601307189543 0.3137254901960784 0.08986928104575163 0.09803921568627451
0 0.2508169934640523 0.3194444444444445 0.057189542483660136 0.07679738562091504
0 0.16748366013071897 0.34477124183006536 0.06372549019607843 0.0784313725490196
0 0.10947712418300654 0.32516339869281047 0.05228758169934641 0.05228758169934641
0 0.07352941176470588 0.2777777777777778 0.058823529411764705 0.058823529411764705
0 0.17483660130718956 0.24591503267973858 0.13071895424836602 0.12581699346405228
0 0.3178104575163399 0.26715686274509803 0.08986928104575163 0.08986928104575163
0 0.45915032679738566 0.22712418300653595 0.0784313725490196 0.09150326797385622
0 0.2728758169934641 0.1650326797385621 0.09803921568627451 0.11764705882352941
0 0.3545751633986928 0.16911764705882354 0.06535947712418301 0.06699346405228758
0 0.2107843137254902 0.16094771241830066 0.03594771241830066 0.04411764705882353
0 0.428921568627451 0.11601307189542484 0.09313725490196079 0.14705882352941177
0 0.32516339869281047 0.0784313725490196 0.12091503267973856 0.09477124183006536
