0 0.49754901960784315 0.02777777777777778 0.06699346405228758 0.04575163398692811
0 0.5906862745098039 0.03104575163398693 0.08660130718954248 0.05228758169934641
0 0.5506535947712419 0.09068627450980392 0.14052287581699346 0.09967320261437909
0 0.6560457516339869 0.0784313725490196 0.08660130718954248 0.08496732026143791
0 0.673202614379085 0.18382352941176472 0.12418300653594772 0.12254901960784315
0 0.5612745098039216 0.20915032679738563 0.12908496732026145 0.1503267973856209
0 0.7491830065359477 0.10947712418300654 0.10947712418300654 0.0784313725490196
0 0.7573529411764706 0.20179738562091504 0.06372549019607843 0.1323529411764706
0 0.8284313725490197 0.1854575163398693 0.09150326797385622 0.12581699346405228
0 0.8651960784313726 0.2508169934640523 0.10294117647058824 0.10947712418300654
0 0.9297385620915033 0.29330065359477125 0.05228758169934641 0.08986928104575163
0 0.7908496732026145 0.3357843137254902 0.08169934640522876 0.07679738562091504
0 0.6168300653594772 0.369281045751634 0.12581699346405228 0.14052287581699346
0 0.7516339869281046 0.45833333333333337 0.10457516339869281 0.16830065359477125
0 0.8537581699346406 0.3962418300653595 0.11601307189542484 0.1388888888888889
0 0.9681372549019608 0.4011437908496732 0.02777777777777778 0.06699346405228758
0 0.9673202614379085 0.45996732026143794 0.06209150326797386 0.04738562091503268
0 0.8880718954248367 0.5196078431372549 0.12254901960784315 0.14052287581699346
0 0.5743464052287582 0.4542483660130719 0.08333333333333334 0.08169934640522876
0 0.6094771241830066 0.5196078431372549 0.06535947712418301 0.06535947712418301
0 0.673202614379085 0.5179738562091504 0.07189542483660132 0.049019607843137254
0 0.6364379084967321 0.5694444444444444 0.06372549019607843 0.03758169934640523
0 0.8513071895424836 0.5898692810457516 0.049019607843137254 0.058823529411764705
0 0.7990196078431373 0.5645424836601307 0.06209150326797386 0.06372549019607843
0 0.9387254901960784 0.6339869281045751 0.06372549019607843 0.07516339869281045
0 0.829248366013072 0.6290849673202614 0.03104575163398693 0.049019607843137254
0 0.8799019607843137 0.6699346405228759 0.06045751633986928 0.11437908496732027
0 0.8129084967320261 0.6576797385620915 0.04738562091503268 0.08006535947712419
0 0.7246732026143791 0.6241830065359477 0.12908496732026145 0.10457516339869281
0 0.9166666666666667 0.7401960784313726 0.058823529411764705 0.09803921568627451
0 0.8488562091503268 0.7450980392156863 0.08660130718954248 0.08496732026143791
0 0.7026143790849674 0.704248366013072 0.09150326797385622 0.07189542483660132
0 0.744281045751634 0.7745098039215687 0.08986928104575163 0.07516339869281045
0 0.8300653594771242 0.7990196078431373 0.10130718954248366 0.08169934640522876
0 0.7418300653594772 0.8415032679738562 0.05555555555555556 0.05555555555555556
0 0.7377450980392157 0.8954248366013072 0.12254901960784315 0.08496732026143791
0 0.6429738562091504 0.7745098039215687 0.119281045751634 0.13398692810457516
0 0.5563725490196079 0.6094771241830066 0.09313725490196079 0.08823529411764706
0 0.5334967320261438 0.6756535947712419 0.08333333333333334 0.07352941176470588
0 0.5686274509803921 0.7777777777777778 0.03594771241830066 0.06862745098039216
0 0.5980392156862745 0.8496732026143791 0.11111111111111112 0.07516339869281045
0 0.6364379084967321 0.9044117647058824 0.09313725490196079 0.08660130718954248
0 0.5645424836601307 0.9624183006535948 0.09967320261437909 0.042483660130718956
0 0.5449346405228759 0.9003267973856209 0.10947712418300654 0.10784313725490197
0 0.5196078431372549 0.7965686274509804 0.06862745098039216 0.08006535947712419
0 0.4795751633986928 0.8227124183006537 0.04084967320261438 0.03431372549019608
0 0.4795751633986928 0.7516339869281046 0.08660130718954248 0.10784313725490197
0 0.44526143790849676 0.6723856209150327 0.08006535947712419 0.06045751633986928
0 0.46568627450980393 0.6004901960784313 0.10457516339869281 0.10947712418300654
0 0.4411764705882353 0.954248366013072 0.10457516339869281 0.08496732026143791
0 0.4084967320261438 0.8929738562091504 0.10784313725490197 0.14215686274509803
0 0.3513071895424837 0.8488562091503268 0.08823529411764706 0.10294117647058824
0 0.4084967320261438 0.7614379084967321 0.04575163398692811 0.042483660130718956
0 0.34068627450980393 0.7516339869281046 0.09967320261437909 0.11437908496732027
0 0.32516339869281047 0.6617647058823529 0.06535947712418301 0.08496732026143791
0 0.29820261437908496 0.5375816993464052 0.09967320261437909 0.16339869281045752
0 0.39542483660130723 0.5040849673202614 0.09803921568627451 0.09640522875816994
0 0.3619281045751634 0.5498366013071896 0.02777777777777778 0.02777777777777778
0 0.45915032679738566 0.46568627450980393 0.08496732026143791 0.09477124183006536
0 0.41421568627450983 0.39869281045751637 0.09640522875816994 0.07189542483660132
0 0.32598039215686275 0.39869281045751637 0.09640522875816994 0.12745098039215685
0 0.47385620915032683 0.35294117647058826 0.08169934640522876 0.10130718954248366
0 0.3790849673202614 0.30718954248366015 0.11437908496732027 0.10457516339869281
0 0.4763071895424837 0.28431372549019607 0.06699346405228758 0.04575163398692811
0 0.4624183006535948 0.21977124183006536 0.09477124183006536 0.09640522875816994
0 0.2540849673202614 0.7475490196078431 0.07352941176470588 0.10620915032679738
0 0.1503267973856209 0.8308823529411765 0.08169934640522876 0.09640522875816994
0 0.1715686274509804 0.7524509803921569 0.08823529411764706 0.08986928104575163
0 0.10947712418300654 0.7410130718954249 0.042483660130718956 0.04738562091503268
0 0.23692810457516342 0.6633986928104575 0.08823529411764706 0.10457516339869281
0 0.18872549019607843 0.6544117647058824 0.07352941176470588 0.12254901960784315
0 0.09395424836601307 0.6650326797385621 0.11274509803921569 0.10457516339869281
0 0.05555555555555556 0.5988562091503268 0.06209150326797386 0.04084967320261438
0 0.10049019607843138 0.5383986928104575 0.09967320261437909 0.11601307189542484
0 0.20098039215686275 0.5351307189542484 0.10784313725490197 0.1388888888888889
0 0.028594771241830068 0.4812091503267974 0.04411764705882353 0.12908496732026145
0 0.2361111111111111 0.41748366013071897 0.06372549019607843 0.07026143790849673
0 0.1323529411764706 0.41830065359477125 0.13398692810457516 0.11437908496732027
0 0.1772875816993464 0.3504901960784314 0.03758169934640523 0.057189542483660136
0 0.12009803921568628 0.32679738562091504 0.08986928104575163 0.08169934640522876
0 0.03758169934640523 0.3619281045751634 0.04575163398692811 0.07679738562091504
0 0.18137254901960784 0.2434640522875817 0.10784313725490197 0.11764705882352941
0 0.2540849673202614 0.3145424836601307 0.07352941176470588 0.08660130718954248
0 0.303921568627451 0.2630718954248366 0.05555555555555556 0.0784313725490196
0 0.3480392156862745 0.18382352941176472 0.10457516339869281 0.11274509803921569
0 0.27369281045751637 0.1593137254901961 0.06372549019607843 0.09967320261437909
0 0.21486928104575165 0.16013071895424838 0.06372549019607843 0.08169934640522876
0 0.428921568627451 0.10375816993464053 0.06699346405228758 0.11601307189542484
0 0.33333333333333337 0.08251633986928104 0.14052287581699346 0.09640522875816994
