0 0.4419934640522876 0.058823529411764705 0.05065359477124183 0.06209150326797386
0 0.6013071895424836 0.031862745098039214 0.09477124183006536 0.04084967320261438
0 0.548202614379085 0.0923202614379085 0.12908496732026145 0.09313725490196079
0 0.6576797385620915 0.07679738562091504 0.07352941176470588 0.06535947712418301
0 0.75 0.10620915032679738 0.12418300653594772 0.08496732026143791
0 0.6723856209150327 0.17973856209150327 0.12581699346405228 0.11764705882352941
0 0.5620915032679739 0.21160130718954248 0.12745098039215685 0.14215686274509803
0 0.4673202614379085 0.21568627450980393 0.09150326797385622 0.09803921568627451
0 0.4746732026143791 0.2834967320261438 0.07679738562091504 0.05392156862745098
0 0.7524509803921569 0.20751633986928106 0.05065359477124183 0.12745098039215685
0 0.8194444444444444 0.184640522875817 0.10294117647058824 0.12745098039215685
0 0.7099673202614379 0.22630718954248366 0.03431372549019608 0.02777777777777778
0 0.8627450980392157 0.25326797385620914 0.09477124183006536 0.09477124183006536
0 0.6143790849673203 0.36601307189542487 0.11437908496732027 0.13725490196078433
0 0.7900326797385621 0.3374183006535948 0.08006535947712419 0.07679738562091504
0 0.8570261437908497 0.3897058823529412 0.12254901960784315 0.1454248366013072
0 0.9379084967320261 0.41421568627450983 0.0392156862745098 0.04411764705882353
0 0.934640522875817 0.2916666666666667 0.04575163398692811 0.08006535947712419
0 0.7614379084967321 0.4607843137254902 0.10457516339869281 0.17320261437908496
0 0.8897058823529412 0.5122549019607844 0.12254901960784315 0.1388888888888889
0 0.5759803921568628 0.45915032679738566 0.08660130718954248 0.09150326797385622
0 0.7549019607843137 0.2916666666666667 0.029411764705882353 0.024509803921568627
0 0.9681372549019608 0.542483660130719 0.04738562091503268 0.12091503267973856
0 0.9697712418300654 0.45588235294117646 0.057189542483660136 0.0392156862745098
0 0.9362745098039216 0.5661764705882353 0.03594771241830066 0.04411764705882353
0 0.6756535947712419 0.5163398692810458 0.08006535947712419 0.06209150326797386
0 0.6339869281045751 0.5645424836601307 0.08823529411764706 0.06372549019607843
0 0.7949346405228759 0.565359477124183 0.04411764705882353 0.0392156862745098
0 0.8031045751633987 0.6127450980392157 0.04738562091503268 0.05555555555555556
0 0.8504901960784313 0.5890522875816994 0.05065359477124183 0.05392156862745098
0 0.7246732026143791 0.6200980392156863 0.11601307189542484 0.08660130718954248
0 0.8741830065359477 0.6666666666666667 0.06535947712418301 0.11111111111111112
0 0.9419934640522876 0.6364379084967321 0.04084967320261438 0.05065359477124183
0 0.9354575163398693 0.673202614379085 0.04411764705882353 0.049019607843137254
0 0.809640522875817 0.667483660130719 0.04084967320261438 0.06372549019607843
0 0.8415032679738562 0.7336601307189543 0.07516339869281045 0.08496732026143791
0 0.829248366013072 0.7998366013071896 0.09967320261437909 0.09313725490196079
0 0.7066993464052288 0.7058823529411765 0.09640522875816994 0.08823529411764706
0 0.7410130718954249 0.7753267973856209 0.08333333333333334 0.07026143790849673
0 0.6364379084967321 0.7679738562091504 0.119281045751634 0.14379084967320263
0 0.7410130718954249 0.8390522875816994 0.04084967320261438 0.03431372549019608
0 0.7401960784313726 0.8962418300653595 0.11764705882352941 0.08660130718954248
0 0.6331699346405228 0.9076797385620915 0.09313725490196079 0.07026143790849673
0 0.5955882352941176 0.8496732026143791 0.08333333333333334 0.06535947712418301
0 0.5449346405228759 0.9027777777777778 0.07679738562091504 0.09313725490196079
0 0.5702614379084967 0.9632352941176471 0.11437908496732027 0.06045751633986928
0 0.45016339869281047 0.9550653594771242 0.08986928104575163 0.07352941176470588
0 0.4109477124183007 0.8897058823529412 0.10294117647058824 0.13562091503267976
0 0.3504901960784314 0.8488562091503268 0.08986928104575163 0.08986928104575163
0 0.5171568627450981 0.823529411764706 0.09967320261437909 0.13071895424836602
0 0.4746732026143791 0.7516339869281046 0.09313725490196079 0.10784313725490197
0 0.4011437908496732 0.7606209150326798 0.03758169934640523 0.04738562091503268
0 0.3382352941176471 0.7483660130718954 0.09477124183006536 0.11111111111111112
0 0.2540849673202614 0.7475490196078431 0.07679738562091504 0.10620915032679738
0 0.14787581699346405 0.8308823529411765 0.07026143790849673 0.08660130718954248
0 0.16176470588235295 0.7508169934640523 0.09803921568627451 0.08986928104575163
0 0.32107843137254904 0.6593137254901961 0.05065359477124183 0.07026143790849673
0 0.4763071895424837 0.6715686274509804 0.04084967320261438 0.042483660130718956
0 0.440359477124183 0.6617647058823529 0.03758169934640523 0.042483660130718956
0 0.5351307189542484 0.6699346405228759 0.07679738562091504 0.07189542483660132
0 0.5531045751633987 0.6094771241830066 0.09640522875816994 0.09803921568627451
0 0.6143790849673203 0.6209150326797386 0.032679738562091505 0.0392156862745098
0 0.4632352941176471 0.6045751633986929 0.08333333333333334 0.08823529411764706
0 0.39215686274509803 0.505718954248366 0.08823529411764706 0.08333333333333334
0 0.46568627450980393 0.46486928104575165 0.10457516339869281 0.09640522875816994
0 0.4158496732026144 0.4027777777777778 0.09640522875816994 0.08333333333333334
0 0.4763071895424837 0.352124183006536 0.08986928104575163 0.08333333333333334
0 0.37663398692810457 0.30637254901960786 0.119281045751634 0.10947712418300654
0 0.3243464052287582 0.3978758169934641 0.08660130718954248 0.11274509803921569
0 0.2965686274509804 0.5343137254901961 0.10620915032679738 0.17647058823529413
0 0.23447712418300654 0.6642156862745098 0.08660130718954248 0.09313725490196079
0 0.18627450980392157 0.6503267973856209 0.07189542483660132 0.11111111111111112
0 0.0923202614379085 0.6666666666666667 0.12254901960784315 0.10130718954248366
0 0.16176470588235295 0.5939542483660131 0.05555555555555556 0.04084967320261438
0 0.20915032679738563 0.5302287581699346 0.09803921568627451 0.11601307189542484
0 0.24754901960784315 0.4084967320261438 0.07679738562091504 0.058823529411764705
0 0.10130718954248366 0.542483660130719 0.11111111111111112 0.12745098039215685
0 0.03022875816993464 0.4934640522875817 0.04738562091503268 0.16339869281045752
0 0.13480392156862744 0.41258169934640526 0.1323529411764706 0.11601307189542484
0 0.12581699346405228 0.3276143790849673 0.10457516339869281 0.10294117647058824
0 0.2549019607843137 0.3112745098039216 0.08169934640522876 0.09313725490196079
0 0.3014705882352941 0.2573529411764706 0.04084967320261438 0.06372549019607843
0 0.3480392156862745 0.18137254901960784 0.10130718954248366 0.10784313725490197
0 0.2818627450980392 0.1527777777777778 0.05392156862745098 0.06372549019607843
0 0.18382352941176472 0.24183006535947713 0.09640522875816994 0.11437908496732027
0 0.04166666666666667 0.36356209150326796 0.04411764705882353 0.06699346405228758
0 0.21323529411764708 0.15849673202614378 0.07352941176470588 0.08823529411764706
0 0.33088235294117646 0.08905228758169935 0.12254901960784315 0.09313725490196079
0 0.12663398692810457 0.17973856209150327 0.06372549019607843 0.0784313725490196
