0 0.5040849673202614 0.03594771241830066 0.10294117647058824 0.06535947712418301
0 0.6413398692810458 0.07189542483660132 0.10294117647058824 0.09150326797385622
0 0.548202614379085 0.10294117647058824 0.1454248366013072 0.10130718954248366
0 0.6642156862745098 0.1772875816993464 0.119281045751634 0.11601307189542484
0 0.7336601307189543 0.11029411764705882 0.042483660130718956 0.04738562091503268
0 0.553921568627451 0.21160130718954248 0.11437908496732027 0.1323529411764706
0 0.7720588235294118 0.19526143790849673 0.06699346405228758 0.10620915032679738
0 0.8284313725490197 0.15849673202614378 0.0392156862745098 0.049019607843137254
0 0.823529411764706 0.22058823529411764 0.07189542483660132 0.058823529411764705
0 0.8627450980392157 0.25980392156862747 0.09477124183006536 0.11437908496732027
0 0.6944444444444444 0.25326797385620914 0.09803921568627451 0.08823529411764706
0 0.7933006535947713 0.3276143790849673 0.11274509803921569 0.08660130718954248
0 0.8186274509803921 0.39950980392156865 0.06209150326797386 0.057189542483660136
0 0.6209150326797386 0.37336601307189543 0.13725490196078433 0.14869281045751634
0 0.9338235294117647 0.29983660130718953 0.057189542483660136 0.09967320261437909
0 0.738562091503268 0.45996732026143794 0.09803921568627451 0.1454248366013072
0 0.9240196078431373 0.41748366013071897 0.10294117647058824 0.119281045751634
0 0.6127450980392157 0.5220588235294118 0.11764705882352941 0.12908496732026145
0 0.7124183006535948 0.5580065359477124 0.07189542483660132 0.07352941176470588
0 0.803921568627451 0.5571895424836601 0.08169934640522876 0.08169934640522876
0 0.8790849673202614 0.5245098039215687 0.10130718954248366 0.13071895424836602
0 0.9477124183006537 0.5081699346405228 0.049019607843137254 0.058823529411764705
0 0.9656862745098039 0.5433006535947713 0.058823529411764705 0.10294117647058824
0 0.9264705882352942 0.5800653594771242 0.026143790849673203 0.026143790849673203
0 0.7312091503267975 0.6339869281045751 0.12254901960784315 0.09803921568627451
0 0.8243464052287582 0.6560457516339869 0.07352941176470588 0.11601307189542484
0 0.8921568627450981 0.6666666666666667 0.058823529411764705 0.09803921568627451
0 0.9354575163398693 0.6446078431372549 0.08006535947712419 0.10947712418300654
0 0.8758169934640523 0.7238562091503268 0.058823529411764705 0.06862745098039216
0 0.8366013071895425 0.7524509803921569 0.07516339869281045 0.07026143790849673
0 0.8611111111111112 0.8022875816993464 0.06209150326797386 0.06535947712418301
0 0.7508169934640523 0.7655228758169935 0.10947712418300654 0.08006535947712419
0 0.6650326797385621 0.7091503267973857 0.11437908496732027 0.10457516339869281
0 0.7279411764705882 0.8464052287581699 0.09313725490196079 0.08169934640522876
0 0.7156862745098039 0.9125816993464052 0.0784313725490196 0.06372549019607843
0 0.6184640522875817 0.8455882352941176 0.12908496732026145 0.08006535947712419
0 0.6397058823529412 0.9052287581699346 0.06699346405228758 0.06209150326797386
0 0.5759803921568628 0.9419934640522876 0.06699346405228758 0.06699346405228758
0 0.6029411764705882 0.7704248366013072 0.06535947712418301 0.08333333333333334
0 0.5400326797385621 0.7630718954248367 0.06045751633986928 0.10457516339869281
0 0.4795751633986928 0.8112745098039216 0.07026143790849673 0.10294117647058824
0 0.5245098039215687 0.8897058823529412 0.07189542483660132 0.10620915032679738
0 0.46895424836601307 0.9076797385620915 0.04575163398692811 0.06045751633986928
0 0.3962418300653595 0.8929738562091504 0.09967320261437909 0.12254901960784315
0 0.4281045751633987 0.9509803921568628 0.09150326797385622 0.06862745098039216
0 0.5310457516339869 0.6723856209150327 0.09803921568627451 0.07352941176470588
0 0.3423202614379085 0.8504901960784313 0.08986928104575163 0.09640522875816994
0 0.4281045751633987 0.7524509803921569 0.07516339869281045 0.08986928104575163
0 0.3431372549019608 0.7467320261437909 0.10457516339869281 0.11111111111111112
0 0.4419934640522876 0.6772875816993464 0.08660130718954248 0.07352941176470588
0 0.33415032679738566 0.6593137254901961 0.09967320261437909 0.08333333333333334
0 0.24918300653594772 0.7426470588235294 0.08333333333333334 0.09967320261437909
0 0.16830065359477125 0.8357843137254902 0.12418300653594772 0.09640522875816994
0 0.4714052287581699 0.5751633986928105 0.11274509803921569 0.13398692810457516
0 0.24183006535947713 0.6552287581699346 0.09150326797385622 0.10130718954248366
0 0.18300653594771243 0.6609477124183006 0.06535947712418301 0.09313725490196079
0 0.10866013071895425 0.744281045751634 0.08660130718954248 0.09313725490196079
0 0.375 0.5130718954248367 0.1454248366013072 0.10784313725490197
0 0.30637254901960786 0.548202614379085 0.07352941176470588 0.10620915032679738
0 0.20179738562091504 0.5375816993464052 0.14869281045751634 0.14705882352941177
0 0.06699346405228758 0.5759803921568628 0.12091503267973856 0.14215686274509803
0 0.46486928104575165 0.34558823529411764 0.08986928104575163 0.10294117647058824
0 0.4256535947712418 0.4084967320261438 0.06372549019607843 0.0392156862745098
0 0.42483660130718953 0.4534313725490196 0.032679738562091505 0.05065359477124183
0 0.38562091503267976 0.3790849673202614 0.042483660130718956 0.042483660130718956
0 0.11111111111111112 0.6658496732026143 0.08496732026143791 0.04084967320261438
0 0.32189542483660133 0.4035947712418301 0.09150326797385622 0.13071895424836602
0 0.22303921568627452 0.4150326797385621 0.10947712418300654 0.10130718954248366
0 0.12173202614379085 0.41830065359477125 0.10620915032679738 0.12091503267973856
0 0.16339869281045752 0.3382352941176471 0.07189542483660132 0.07516339869281045
0 0.04656862745098039 0.35294117647058826 0.06045751633986928 0.08496732026143791
0 0.24754901960784315 0.32189542483660133 0.08660130718954248 0.07189542483660132
0 0.37173202614379086 0.3104575163398693 0.06699346405228758 0.07189542483660132
0 0.08169934640522876 0.2785947712418301 0.06209150326797386 0.10620915032679738
0 0.16748366013071897 0.24673202614379086 0.1323529411764706 0.12745098039215685
0 0.4444444444444445 0.2777777777777778 0.08823529411764706 0.06209150326797386
0 0.3243464052287582 0.26633986928104575 0.10947712418300654 0.09150326797385622
0 0.45915032679738566 0.22630718954248366 0.058823529411764705 0.05065359477124183
0 0.27941176470588236 0.1568627450980392 0.13071895424836602 0.12418300653594772
0 0.32516339869281047 0.0784313725490196 0.10784313725490197 0.0784313725490196
0 0.41830065359477125 0.12581699346405228 0.11111111111111112 0.16666666666666669
