0 0.5563725490196079 0.04493464052287582 0.07679738562091504 0.07352941176470588
0 0.619281045751634 0.08006535947712419 0.0784313725490196 0.08169934640522876
0 0.6723856209150327 0.18627450980392157 0.10947712418300654 0.09477124183006536
0 0.7450980392156863 0.10212418300653595 0.12418300653594772 0.08006535947712419
0 0.6870915032679739 0.049019607843137254 0.04084967320261438 0.03594771241830066
0 0.8104575163398693 0.18300653594771243 0.11764705882352941 0.13071895424836602
0 0.8839869281045752 0.20261437908496732 0.04575163398692811 0.05555555555555556
0 0.7475490196078431 0.3031045751633987 0.08333333333333334 0.14215686274509803
0 0.8627450980392157 0.24101307189542484 0.032679738562091505 0.03758169934640523
0 0.7908496732026145 0.33986928104575165 0.0392156862745098 0.042483660130718956
0 0.9125816993464052 0.25980392156862747 0.05392156862745098 0.049019607843137254
0 0.8562091503267975 0.3946078431372549 0.12091503267973856 0.14869281045751634
0 0.9387254901960784 0.3431372549019608 0.05392156862745098 0.08496732026143791
0 0.7785947712418301 0.45996732026143794 0.09313725490196079 0.1519607843137255
0 0.9387254901960784 0.4166666666666667 0.07352941176470588 0.07516339869281045
0 0.9722222222222222 0.45915032679738566 0.05228758169934641 0.05555555555555556
0 0.8970588235294118 0.5040849673202614 0.09803921568627451 0.10947712418300654
0 0.9738562091503268 0.5375816993464052 0.049019607843137254 0.11111111111111112
0 0.9321895424836601 0.5686274509803921 0.06372549019607843 0.07189542483660132
0 0.8161764705882353 0.5457516339869282 0.10620915032679738 0.06862745098039216
0 0.8676470588235294 0.5923202614379085 0.049019607843137254 0.05065359477124183
0 0.7973856209150327 0.6176470588235294 0.10130718954248366 0.08496732026143791
0 0.8733660130718954 0.6609477124183006 0.05065359477124183 0.07679738562091504
0 0.9256535947712419 0.6666666666666667 0.08660130718954248 0.10784313725490197
0 0.8455882352941176 0.6968954248366013 0.08006535947712419 0.07679738562091504
0 0.6862745098039216 0.5147058823529412 0.12091503267973856 0.07189542483660132
0 0.6348039215686274 0.5678104575163399 0.13562091503267976 0.07352941176470588
0 0.6209150326797386 0.6339869281045751 0.07516339869281045 0.08823529411764706
0 0.7205882352941176 0.7083333333333334 0.13725490196078433 0.12908496732026145
0 0.8545751633986929 0.7859477124183006 0.12745098039215685 0.09477124183006536
0 0.7720588235294118 0.809640522875817 0.06372549019607843 0.06372549019607843
0 0.6364379084967321 0.7647058823529412 0.12254901960784315 0.1568627450980392
0 0.7467320261437909 0.9003267973856209 0.10130718954248366 0.07189542483660132
0 0.6715686274509804 0.934640522875817 0.08823529411764706 0.09803921568627451
0 0.6045751633986929 0.8839869281045752 0.05555555555555556 0.08496732026143791
0 0.5841503267973857 0.9632352941176471 0.08660130718954248 0.06372549019607843
0 0.4959150326797386 0.9738562091503268 0.06372549019607843 0.049019607843137254
0 0.43790849673202614 0.9754901960784313 0.042483660130718956 0.04575163398692811
0 0.36764705882352944 0.9681372549019608 0.10457516339869281 0.05392156862745098
0 0.5196078431372549 0.8284313725490197 0.12091503267973856 0.13398692810457516
0 0.41830065359477125 0.8872549019607844 0.09150326797385622 0.12418300653594772
0 0.36601307189542487 0.8251633986928105 0.08823529411764706 0.08823529411764706
0 0.505718954248366 0.7532679738562091 0.04411764705882353 0.049019607843137254
0 0.45179738562091504 0.7606209150326798 0.07679738562091504 0.07026143790849673
0 0.3946078431372549 0.7540849673202614 0.05392156862745098 0.06372549019607843
0 0.3366013071895425 0.7549019607843137 0.07516339869281045 0.08169934640522876
0 0.25653594771241833 0.7491830065359477 0.07516339869281045 0.09313725490196079
0 0.14624183006535948 0.7622549019607844 0.09640522875816994 0.08986928104575163
0 0.35866013071895425 0.6813725490196079 0.05392156862745098 0.06209150326797386
0 0.5629084967320261 0.7263071895424836 0.05065359477124183 0.057189542483660136
0 0.5 0.6813725490196079 0.10784313725490197 0.07189542483660132
0 0.46486928104575165 0.6151960784313726 0.057189542483660136 0.05392156862745098
0 0.5392156862745098 0.619281045751634 0.10457516339869281 0.10457516339869281
0 0.2581699346405229 0.6519607843137255 0.14052287581699346 0.09477124183006536
0 0.09640522875816994 0.6756535947712419 0.13071895424836602 0.10620915032679738
0 0.184640522875817 0.6568627450980392 0.04575163398692811 0.07516339869281045
0 0.08333333333333334 0.738562091503268 0.032679738562091505 0.0392156862745098
0 0.04411764705882353 0.6274509803921569 0.042483660130718956 0.04575163398692811
0 0.18300653594771243 0.5915032679738562 0.10457516339869281 0.09477124183006536
0 0.28839869281045755 0.5310457516339869 0.10294117647058824 0.16013071895424838
0 0.3513071895424837 0.4550653594771242 0.09477124183006536 0.13562091503267976
0 0.4714052287581699 0.4812091503267974 0.13562091503267976 0.11274509803921569
0 0.5866013071895425 0.45996732026143794 0.08823529411764706 0.10947712418300654
0 0.6593137254901961 0.39869281045751637 0.04411764705882353 0.058823529411764705
0 0.6111111111111112 0.3611111111111111 0.09477124183006536 0.10130718954248366
0 0.5073529411764706 0.3929738562091503 0.10294117647058824 0.06699346405228758
0 0.4150326797385621 0.4011437908496732 0.08823529411764706 0.08333333333333334
0 0.20506535947712418 0.4950980392156863 0.06372549019607843 0.09803921568627451
0 0.09885620915032681 0.5514705882352942 0.13562091503267976 0.13562091503267976
0 0.028594771241830068 0.5318627450980392 0.04738562091503268 0.1519607843137255
0 0.13480392156862744 0.428921568627451 0.1323529411764706 0.10947712418300654
0 0.0392156862745098 0.40441176470588236 0.07189542483660132 0.12254901960784315
0 0.2508169934640523 0.4150326797385621 0.11274509803921569 0.08169934640522876
0 0.33251633986928103 0.37745098039215685 0.05065359477124183 0.058823529411764705
0 0.3741830065359477 0.29983660130718953 0.12091503267973856 0.11274509803921569
0 0.4754901960784314 0.2826797385620915 0.09150326797385622 0.07189542483660132
0 0.4387254901960784 0.33169934640522875 0.03758169934640523 0.0392156862745098
0 0.48447712418300654 0.22875816993464054 0.09313725490196079 0.10130718954248366
0 0.5784313725490197 0.22222222222222224 0.10784313725490197 0.13398692810457516
0 0.25326797385620914 0.3186274509803922 0.11437908496732027 0.10784313725490197
0 0.13480392156862744 0.3137254901960784 0.12908496732026145 0.11764705882352941
0 0.1911764705882353 0.24183006535947713 0.06862745098039216 0.07516339869281045
0 0.3496732026143791 0.18300653594771243 0.10784313725490197 0.11764705882352941
0 0.4166666666666667 0.2034313725490196 0.0392156862745098 0.05392156862745098
0 0.2173202614379085 0.16094771241830066 0.0784313725490196 0.09967320261437909
0 0.13970588235294118 0.1650326797385621 0.06372549019607843 0.09477124183006536
0 0.22140522875816995 0.09558823529411765 0.05065359477124183 0.04738562091503268
0 0.33333333333333337 0.08333333333333334 0.08169934640522876 0.09803921568627451
0 0.4207516339869281 0.059640522875817 0.11601307189542484 0.10294117647058824
0 0.47794117647058826 0.12173202614379085 0.03431372549019608 0.04084967320261438
