0 0.5016339869281046 0.031862745098039214 0.08496732026143791 0.05065359477124183
0 0.5784313725490197 0.026143790849673203 0.058823529411764705 0.04575163398692811
0 0.5490196078431373 0.09558823529411765 0.14379084967320263 0.10620915032679738
0 0.6519607843137255 0.07189542483660132 0.08823529411764706 0.10130718954248366
0 0.7467320261437909 0.11029411764705882 0.08823529411764706 0.07026143790849673
0 0.667483660130719 0.18137254901960784 0.11274509803921569 0.11764705882352941
0 0.5580065359477124 0.20915032679738563 0.12581699346405228 0.14052287581699346
0 0.6993464052287582 0.25 0.07189542483660132 0.06862745098039216
0 0.7647058823529412 0.20179738562091504 0.06535947712418301 0.12254901960784315
0 0.8267973856209151 0.16584967320261437 0.06535947712418301 0.08986928104575163
0 0.8611111111111112 0.2573529411764706 0.09477124183006536 0.11274509803921569
0 0.9354575163398693 0.30228758169934644 0.057189542483660136 0.10457516339869281
0 0.7916666666666667 0.3357843137254902 0.09640522875816994 0.09967320261437909
0 0.613562091503268 0.37336601307189543 0.12908496732026145 0.1454248366013072
0 0.5661764705882353 0.4550653594771242 0.06045751633986928 0.04738562091503268
0 0.8513071895424836 0.4027777777777778 0.10130718954248366 0.12908496732026145
0 0.6094771241830066 0.5220588235294118 0.09803921568627451 0.10620915032679738
0 0.7426470588235294 0.4607843137254902 0.11274509803921569 0.16339869281045752
0 0.9338235294117647 0.42401960784313725 0.07352941176470588 0.07679738562091504
0 0.8872549019607844 0.5253267973856209 0.12091503267973856 0.1388888888888889
0 0.9681372549019608 0.5449346405228759 0.05065359477124183 0.119281045751634
0 0.9705882352941176 0.46486928104575165 0.0392156862745098 0.04084967320261438
0 0.8014705882352942 0.5637254901960784 0.07026143790849673 0.06862745098039216
0 0.852124183006536 0.5923202614379085 0.03758169934640523 0.06372549019607843
0 0.7140522875816994 0.5645424836601307 0.05228758169934641 0.04084967320261438
0 0.7238562091503268 0.630718954248366 0.12091503267973856 0.10130718954248366
0 0.8218954248366014 0.6568627450980392 0.07189542483660132 0.09803921568627451
0 0.9370915032679739 0.6478758169934641 0.07679738562091504 0.10294117647058824
0 0.8872549019607844 0.6658496732026143 0.058823529411764705 0.10947712418300654
0 0.8455882352941176 0.7483660130718954 0.08986928104575163 0.08496732026143791
0 0.875 0.7254901960784313 0.03104575163398693 0.042483660130718956
0 0.9150326797385622 0.7361111111111112 0.05555555555555556 0.08006535947712419
0 0.8676470588235294 0.7998366013071896 0.03594771241830066 0.03104575163398693
0 0.8398692810457516 0.8178104575163399 0.05555555555555556 0.04084967320261438
0 0.8088235294117647 0.7933006535947713 0.03594771241830066 0.03758169934640523
0 0.7491830065359477 0.7696078431372549 0.10294117647058824 0.08169934640522876
0 0.7083333333333334 0.7107843137254902 0.04411764705882353 0.032679738562091505
0 0.6519607843137255 0.6968954248366013 0.06862745098039216 0.07026143790849673
0 0.6503267973856209 0.7761437908496732 0.09150326797385622 0.11111111111111112
0 0.7344771241830066 0.8431372549019608 0.08660130718954248 0.06535947712418301
0 0.7295751633986929 0.9044117647058824 0.09640522875816994 0.07679738562091504
0 0.6372549019607844 0.9044117647058824 0.08496732026143791 0.08006535947712419
0 0.6102941176470589 0.8496732026143791 0.12581699346405228 0.0784313725490196
0 0.5433006535947713 0.9003267973856209 0.11601307189542484 0.11111111111111112
0 0.434640522875817 0.9517973856209151 0.10130718954248366 0.08006535947712419
0 0.4076797385620915 0.8921568627450981 0.10947712418300654 0.12745098039215685
0 0.3480392156862745 0.8496732026143791 0.09477124183006536 0.10784313725490197
0 0.4803921568627451 0.8243464052287582 0.058823529411764705 0.06045751633986928
0 0.5800653594771242 0.7679738562091504 0.06209150326797386 0.08823529411764706
0 0.4199346405228758 0.7532679738562091 0.058823529411764705 0.07516339869281045
0 0.4852941176470588 0.7483660130718954 0.07516339869281045 0.08823529411764706
0 0.5318627450980392 0.6756535947712419 0.09313725490196079 0.07352941176470588
0 0.4428104575163399 0.6740196078431373 0.08496732026143791 0.06372549019607843
0 0.5604575163398693 0.5996732026143791 0.07516339869281045 0.06862745098039216
0 0.3423202614379085 0.7508169934640523 0.10294117647058824 0.11274509803921569
0 0.1593137254901961 0.8349673202614379 0.10947712418300654 0.10130718954248366
0 0.11274509803921569 0.7475490196078431 0.06862745098039216 0.07679738562091504
0 0.17973856209150327 0.7434640522875817 0.06535947712418301 0.06535947712418301
0 0.2549019607843137 0.7450980392156863 0.08169934640522876 0.10457516339869281
0 0.33088235294117646 0.6601307189542484 0.08333333333333334 0.09477124183006536
0 0.24101307189542484 0.6560457516339869 0.09313725490196079 0.09967320261437909
0 0.1854575163398693 0.6535947712418301 0.07026143790849673 0.11764705882352941
0 0.09558823529411765 0.6642156862745098 0.08986928104575163 0.07679738562091504
0 0.06127450980392157 0.5882352941176471 0.09640522875816994 0.10130718954248366
0 0.10212418300653595 0.5220588235294118 0.07026143790849673 0.06372549019607843
0 0.2034313725490196 0.5359477124183006 0.1323529411764706 0.14705882352941177
0 0.3055555555555556 0.5433006535947713 0.09150326797385622 0.14869281045751634
0 0.38480392156862747 0.5081699346405228 0.119281045751634 0.10784313725490197
0 0.4746732026143791 0.5849673202614379 0.11601307189542484 0.12091503267973856
0 0.4542483660130719 0.45588235294117646 0.05555555555555556 0.0784313725490196
0 0.13071895424836602 0.411764705882353 0.13071895424836602 0.11764705882352941
0 0.23447712418300654 0.4150326797385621 0.08006535947712419 0.09150326797385622
0 0.32189542483660133 0.40032679738562094 0.09803921568627451 0.13071895424836602
0 0.4158496732026144 0.40441176470588236 0.08986928104575163 0.07026143790849673
0 0.4722222222222222 0.3464052287581699 0.09150326797385622 0.10457516339869281
0 0.04411764705882353 0.3627450980392157 0.058823529411764705 0.08823529411764706
0 0.10620915032679738 0.3276143790849673 0.06209150326797386 0.06045751633986928
0 0.16666666666666669 0.34477124183006536 0.058823529411764705 0.07189542483660132
0 0.24918300653594772 0.32107843137254904 0.06372549019607843 0.08006535947712419
0 0.37826797385620914 0.3088235294117647 0.09967320261437909 0.09477124183006536
0 0.31699346405228757 0.2638888888888889 0.08169934640522876 0.08660130718954248
0 0.1707516339869281 0.2450980392156863 0.12581699346405228 0.12745098039215685
0 0.2107843137254902 0.15522875816993464 0.03594771241830066 0.058823529411764705
0 0.2704248366013072 0.16339869281045752 0.08660130718954248 0.11437908496732027
0 0.352124183006536 0.1707516339869281 0.057189542483660136 0.07679738562091504
0 0.45996732026143794 0.22303921568627452 0.08333333333333334 0.08986928104575163
0 0.4281045751633987 0.11519607843137256 0.08823529411764706 0.14215686274509803
0 0.3235294117647059 0.08169934640522876 0.11764705882352941 0.09150326797385622
