0 0.5522875816993464 0.042483660130718956 0.11111111111111112 0.08496732026143791
0 0.6258169934640523 0.08006535947712419 0.08823529411764706 0.08496732026143791
0 0.5955882352941176 0.13398692810457516 0.05392156862745098 0.08169934640522876
0 0.7410130718954249 0.0923202614379085 0.12254901960784315 0.07679738562091504
0 0.6666666666666667 0.18300653594771243 0.08169934640522876 0.06862745098039216
0 0.6070261437908497 0.238562091503268 0.07026143790849673 0.07189542483660132
0 0.7998366013071896 0.18055555555555555 0.11601307189542484 0.12581699346405228
0 0.7450980392156863 0.3006535947712418 0.09150326797385622 0.16013071895424838
0 0.8856209150326798 0.2058823529411765 0.06862745098039216 0.06862745098039216
0 0.9125816993464052 0.2622549019607843 0.06699346405228758 0.04738562091503268
0 0.6062091503267975 0.34395424836601307 0.07189542483660132 0.08333333333333334
0 0.6691176470588236 0.3929738562091503 0.09640522875816994 0.10620915032679738
0 0.7851307189542484 0.4542483660130719 0.08660130718954248 0.13071895424836602
0 0.8545751633986929 0.3897058823529412 0.10784313725490197 0.14215686274509803
0 0.9387254901960784 0.3415032679738562 0.08660130718954248 0.08823529411764706
0 0.9387254901960784 0.4166666666666667 0.09640522875816994 0.07516339869281045
0 0.977124183006536 0.45996732026143794 0.03594771241830066 0.05065359477124183
0 0.5915032679738562 0.45915032679738566 0.09150326797385622 0.11437908496732027
0 0.6821895424836601 0.505718954248366 0.12581699346405228 0.08333333333333334
0 0.9060457516339869 0.4934640522875817 0.08006535947712419 0.08169934640522876
0 0.9714052287581699 0.5343137254901961 0.04411764705882353 0.11111111111111112
0 0.9313725490196079 0.5629084967320261 0.07189542483660132 0.06372549019607843
0 0.8178104575163399 0.5433006535947713 0.12908496732026145 0.08986928104575163
0 0.6339869281045751 0.5637254901960784 0.1503267973856209 0.07516339869281045
0 0.6233660130718954 0.6364379084967321 0.10620915032679738 0.10620915032679738
0 0.7965686274509804 0.6241830065359477 0.12581699346405228 0.09150326797385622
0 0.9199346405228759 0.667483660130719 0.09477124183006536 0.1323529411764706
0 0.8374183006535948 0.6928104575163399 0.09313725490196079 0.0784313725490196
0 0.7222222222222222 0.7099673202614379 0.15359477124183007 0.14215686274509803
0 0.8660130718954249 0.7769607843137255 0.11437908496732027 0.09640522875816994
0 0.7728758169934641 0.8071895424836601 0.09477124183006536 0.09150326797385622
0 0.8243464052287582 0.8570261437908497 0.05392156862745098 0.057189542483660136
0 0.7483660130718954 0.9060457516339869 0.06862745098039216 0.05392156862745098
0 0.6258169934640523 0.7614379084967321 0.09477124183006536 0.14052287581699346
0 0.5285947712418301 0.6241830065359477 0.09640522875816994 0.10130718954248366
0 0.5098039215686274 0.6870915032679739 0.10784313725490197 0.08006535947712419
0 0.5645424836601307 0.7271241830065359 0.05392156862745098 0.058823529411764705
0 0.5212418300653595 0.7647058823529412 0.12745098039215685 0.08496732026143791
0 0.5155228758169935 0.8447712418300654 0.10294117647058824 0.09477124183006536
0 0.5972222222222222 0.8864379084967321 0.07679738562091504 0.12908496732026145
0 0.6642156862745098 0.9297385620915033 0.08986928104575163 0.09477124183006536
0 0.5531045751633987 0.948529411764706 0.057189542483660136 0.07679738562091504
0 0.47385620915032683 0.9697712418300654 0.11764705882352941 0.04084967320261438
0 0.5955882352941176 0.9705882352941176 0.04411764705882353 0.032679738562091505
0 0.37336601307189543 0.9330065359477124 0.04411764705882353 0.058823529411764705
0 0.4207516339869281 0.8864379084967321 0.08006535947712419 0.09967320261437909
0 0.37173202614379086 0.8218954248366014 0.11274509803921569 0.12091503267973856
0 0.4354575163398693 0.7532679738562091 0.04738562091503268 0.042483660130718956
0 0.3831699346405229 0.744281045751634 0.06372549019607843 0.05392156862745098
0 0.2622549019607843 0.8374183006535948 0.07026143790849673 0.08333333333333334
0 0.25980392156862747 0.7524509803921569 0.07516339869281045 0.09640522875816994
0 0.33496732026143794 0.7524509803921569 0.0392156862745098 0.057189542483660136
0 0.35947712418300654 0.6838235294117647 0.08823529411764706 0.08986928104575163
0 0.1772875816993464 0.803921568627451 0.04084967320261438 0.0392156862745098
0 0.13480392156862744 0.7589869281045751 0.08006535947712419 0.07679738562091504
0 0.18055555555555555 0.7173202614379085 0.05065359477124183 0.08496732026143791
0 0.09803921568627451 0.6870915032679739 0.13071895424836602 0.11601307189542484
0 0.2508169934640523 0.6527777777777778 0.15849673202614378 0.08986928104575163
0 0.049836601307189546 0.6290849673202614 0.06372549019607843 0.07189542483660132
0 0.18709150326797386 0.5906862745098039 0.10620915032679738 0.10294117647058824
0 0.09885620915032681 0.5522875816993464 0.14215686274509803 0.13071895424836602
0 0.02042483660130719 0.5261437908496732 0.03431372549019608 0.11764705882352941
0 0.2818627450980392 0.5212418300653595 0.08333333333333334 0.14052287581699346
0 0.1968954248366013 0.48366013071895425 0.07352941176470588 0.10784313725490197
0 0.1323529411764706 0.4354575163398693 0.12418300653594772 0.09313725490196079
0 0.04084967320261438 0.411764705882353 0.08169934640522876 0.10784313725490197
0 0.3602941176470588 0.4632352941176471 0.12254901960784315 0.15849673202614378
0 0.4763071895424837 0.4852941176470588 0.10947712418300654 0.10784313725490197
0 0.42483660130718953 0.4035947712418301 0.06535947712418301 0.06862745098039216
0 0.24673202614379086 0.41258169934640526 0.12418300653594772 0.08660130718954248
0 0.513888888888889 0.3888888888888889 0.12908496732026145 0.08823529411764706
0 0.1388888888888889 0.3088235294117647 0.12091503267973856 0.10784313725490197
0 0.25653594771241833 0.3178104575163399 0.11437908496732027 0.09967320261437909
0 0.37336601307189543 0.30228758169934644 0.10947712418300654 0.11111111111111112
0 0.45098039215686275 0.33251633986928103 0.08823529411764706 0.07026143790849673
0 0.46895424836601307 0.286764705882353 0.07189542483660132 0.07026143790849673
0 0.49836601307189543 0.22875816993464054 0.07516339869281045 0.09150326797385622
0 0.40931372549019607 0.2099673202614379 0.10947712418300654 0.08660130718954248
0 0.3472222222222222 0.18137254901960784 0.10294117647058824 0.11437908496732027
0 0.21650326797385622 0.1650326797385621 0.07679738562091504 0.09477124183006536
0 0.15604575163398693 0.14950980392156862 0.05065359477124183 0.05392156862745098
0 0.2173202614379085 0.10049019607843138 0.06862745098039216 0.04411764705882353
0 0.4754901960784314 0.12908496732026145 0.06535947712418301 0.08823529411764706
0 0.4166666666666667 0.0661764705882353 0.13071895424836602 0.11601307189542484
0 0.3112745098039216 0.06454248366013073 0.057189542483660136 0.06045751633986928
