0 0.5571895424836601 0.028594771241830068 0.05228758169934641 0.04738562091503268
0 0.5661764705882353 0.0857843137254902 0.06699346405228758 0.05065359477124183
0 0.6143790849673203 0.07516339869281045 0.05228758169934641 0.058823529411764705
0 0.6151960784313726 0.03104575163398693 0.06045751633986928 0.03594771241830066
0 0.6584967320261438 0.08660130718954248 0.0392156862745098 0.026143790849673203
0 0.7475490196078431 0.10212418300653595 0.1323529411764706 0.08660130718954248
0 0.6740196078431373 0.18218954248366015 0.11274509803921569 0.10947712418300654
0 0.7148692810457516 0.22303921568627452 0.05065359477124183 0.04084967320261438
0 0.7434640522875817 0.22957516339869283 0.029411764705882353 0.03104575163398693
0 0.8088235294117647 0.18055555555555555 0.11764705882352941 0.12908496732026145
0 0.8717320261437909 0.2434640522875817 0.057189542483660136 0.058823529411764705
0 0.7475490196078431 0.28431372549019607 0.07026143790849673 0.09150326797385622
0 0.7851307189542484 0.34068627450980393 0.05392156862745098 0.05392156862745098
0 0.5661764705882353 0.21895424836601307 0.1323529411764706 0.13398692810457516
0 0.8553921568627452 0.39133986928104575 0.12254901960784315 0.14869281045751634
0 0.9501633986928105 0.34477124183006536 0.057189542483660136 0.07189542483660132
0 0.9379084967320261 0.41339869281045755 0.058823529411764705 0.06535947712418301
0 0.7745098039215687 0.46405228758169936 0.09477124183006536 0.16339869281045752
0 0.6127450980392157 0.3619281045751634 0.10784313725490197 0.12254901960784315
0 0.6830065359477124 0.5122549019607844 0.10457516339869281 0.07352941176470588
0 0.9730392156862745 0.4550653594771242 0.04738562091503268 0.06045751633986928
0 0.8954248366013072 0.505718954248366 0.10784313725490197 0.12254901960784315
0 0.9697712418300654 0.5351307189542484 0.057189542483660136 0.119281045751634
0 0.9297385620915033 0.5645424836601307 0.049019607843137254 0.06045751633986928
0 0.888888888888889 0.20098039215686275 0.04575163398692811 0.058823529411764705
0 0.8169934640522876 0.5465686274509804 0.0784313725490196 0.05392156862745098
0 0.8602941176470589 0.5841503267973857 0.057189542483660136 0.06045751633986928
0 0.8022875816993464 0.6160130718954249 0.09477124183006536 0.07189542483660132
0 0.7295751633986929 0.6209150326797386 0.06372549019607843 0.06209150326797386
0 0.6331699346405228 0.5645424836601307 0.12254901960784315 0.06699346405228758
0 0.5841503267973857 0.45996732026143794 0.09313725490196079 0.10294117647058824
0 0.8741830065359477 0.6601307189542484 0.058823529411764705 0.09477124183006536
0 0.9305555555555556 0.6707516339869282 0.07352941176470588 0.09313725490196079
0 0.8398692810457516 0.6887254901960784 0.06209150326797386 0.08333333333333334
0 0.8913398692810458 0.7573529411764706 0.05392156862745098 0.03758169934640523
0 0.8406862745098039 0.7867647058823529 0.11601307189542484 0.09313725490196079
0 0.738562091503268 0.7802287581699346 0.05228758169934641 0.05065359477124183
0 0.7173202614379085 0.7009803921568628 0.12745098039215685 0.12091503267973856
0 0.6209150326797386 0.630718954248366 0.05555555555555556 0.0784313725490196
0 0.5408496732026143 0.6168300653594772 0.10130718954248366 0.09967320261437909
0 0.4616013071895425 0.6102941176470589 0.07026143790849673 0.06372549019607843
0 0.49101307189542487 0.6797385620915033 0.09313725490196079 0.06209150326797386
0 0.5498366013071896 0.6740196078431373 0.03431372549019608 0.03104575163398693
0 0.559640522875817 0.7189542483660131 0.04084967320261438 0.058823529411764705
0 0.630718954248366 0.7647058823529412 0.11764705882352941 0.15359477124183007
0 0.5955882352941176 0.8553921568627452 0.05065359477124183 0.04084967320261438
0 0.7418300653594772 0.8937908496732027 0.09803921568627451 0.08169934640522876
0 0.6830065359477124 0.9313725490196079 0.06535947712418301 0.07516339869281045
0 0.6209150326797386 0.9084967320261438 0.058823529411764705 0.049019607843137254
0 0.5784313725490197 0.9632352941176471 0.12418300653594772 0.07026143790849673
0 0.5383986928104575 0.9101307189542484 0.03431372549019608 0.049019607843137254
0 0.4616013071895425 0.9583333333333334 0.06045751633986928 0.05392156862745098
0 0.41258169934640526 0.8905228758169935 0.09640522875816994 0.13071895424836602
0 0.5155228758169935 0.8267973856209151 0.11601307189542484 0.13725490196078433
0 0.3627450980392157 0.8071895424836601 0.05555555555555556 0.05228758169934641
0 0.34477124183006536 0.8529411764705883 0.049019607843137254 0.05228758169934641
0 0.4665032679738562 0.7565359477124183 0.09640522875816994 0.09803921568627451
0 0.3937908496732026 0.7565359477124183 0.04575163398692811 0.05555555555555556
0 0.33905228758169936 0.7524509803921569 0.08006535947712419 0.10294117647058824
0 0.2573529411764706 0.7491830065359477 0.07679738562091504 0.09967320261437909
0 0.1519607843137255 0.7573529411764706 0.09477124183006536 0.08986928104575163
0 0.09558823529411765 0.6740196078431373 0.12581699346405228 0.09967320261437909
0 0.2173202614379085 0.6772875816993464 0.049019607843137254 0.06699346405228758
0 0.1854575163398693 0.6544117647058824 0.06045751633986928 0.08660130718954248
0 0.2728758169934641 0.6470588235294118 0.10457516339869281 0.09150326797385622
0 0.17973856209150327 0.5939542483660131 0.09803921568627451 0.08006535947712419
0 0.29330065359477125 0.5334967320261438 0.10620915032679738 0.16830065359477125
0 0.2099673202614379 0.5065359477124183 0.057189542483660136 0.11111111111111112
0 0.09885620915032681 0.548202614379085 0.12254901960784315 0.12908496732026145
0 0.026143790849673203 0.5269607843137255 0.049019607843137254 0.14869281045751634
0 0.39052287581699346 0.494281045751634 0.042483660130718956 0.04738562091503268
0 0.47303921568627455 0.47875816993464054 0.12581699346405228 0.11437908496732027
0 0.49754901960784315 0.3970588235294118 0.08333333333333334 0.06209150326797386
0 0.41421568627450983 0.4019607843137255 0.09640522875816994 0.08169934640522876
0 0.35294117647058826 0.440359477124183 0.06862745098039216 0.07026143790849673
0 0.13480392156862744 0.4223856209150327 0.14215686274509803 0.11601307189542484
0 0.0392156862745098 0.3946078431372549 0.058823529411764705 0.10294117647058824
0 0.25326797385620914 0.40441176470588236 0.09477124183006536 0.07679738562091504
0 0.3292483660130719 0.3970588235294118 0.06699346405228758 0.09803921568627451
0 0.4803921568627451 0.34558823529411764 0.07516339869281045 0.05392156862745098
0 0.4795751633986928 0.2818627450980392 0.08660130718954248 0.08333333333333334
0 0.37663398692810457 0.3047385620915033 0.12254901960784315 0.11601307189542484
0 0.25326797385620914 0.31699346405228757 0.10457516339869281 0.10457516339869281
0 0.1323529411764706 0.3112745098039216 0.12418300653594772 0.11601307189542484
0 0.184640522875817 0.23692810457516342 0.06209150326797386 0.09803921568627451
0 0.21650326797385622 0.15604575163398693 0.07679738562091504 0.09640522875816994
0 0.34885620915032683 0.1854575163398693 0.11274509803921569 0.11601307189542484
0 0.33251633986928103 0.08741830065359478 0.08986928104575163 0.09640522875816994
0 0.43137254901960786 0.05555555555555556 0.09803921568627451 0.09477124183006536
0 0.12990196078431374 0.17892156862745098 0.07026143790849673 0.08660130718954248
