0 0.5498366013071896 0.08741830065359478 0.12581699346405228 0.07352941176470588
0 0.6086601307189543 0.031862745098039214 0.07352941176470588 0.05065359477124183
0 0.6568627450980392 0.08251633986928104 0.07189542483660132 0.05392156862745098
0 0.565359477124183 0.03104575163398693 0.042483660130718956 0.03594771241830066
0 0.7516339869281046 0.10457516339869281 0.13398692810457516 0.08169934640522876
0 0.6723856209150327 0.18382352941176472 0.12581699346405228 0.10947712418300654
0 0.5645424836601307 0.21486928104575165 0.13562091503267976 0.14215686274509803
0 0.7132352941176471 0.22630718954248366 0.05392156862745098 0.04411764705882353
0 0.7491830065359477 0.21241830065359477 0.03758169934640523 0.08823529411764706
0 0.8145424836601307 0.18055555555555555 0.11274509803921569 0.12581699346405228
0 0.8660130718954249 0.24754901960784315 0.08496732026143791 0.07679738562091504
0 0.7532679738562091 0.286764705882353 0.058823529411764705 0.06045751633986928
0 0.6151960784313726 0.3651960784313726 0.12254901960784315 0.12581699346405228
0 0.7867647058823529 0.3382352941176471 0.06699346405228758 0.06209150326797386
0 0.8562091503267975 0.3897058823529412 0.13071895424836602 0.16176470588235295
0 0.7679738562091504 0.46486928104575165 0.09477124183006536 0.16830065359477125
0 0.934640522875817 0.28431372549019607 0.03594771241830066 0.06209150326797386
0 0.9493464052287582 0.3464052287581699 0.04575163398692811 0.05228758169934641
0 0.9665032679738562 0.3978758169934641 0.03104575163398693 0.057189542483660136
0 0.9362745098039216 0.41911764705882354 0.04575163398692811 0.06045751633986928
0 0.9705882352941176 0.45669934640522875 0.049019607843137254 0.06045751633986928
0 0.8921568627450981 0.5081699346405228 0.11764705882352941 0.13071895424836602
0 0.5833333333333334 0.45833333333333337 0.09803921568627451 0.09967320261437909
0 0.678921568627451 0.5171568627450981 0.09967320261437909 0.06699346405228758
0 0.8178104575163399 0.5457516339869282 0.04738562091503268 0.042483660130718956
0 0.9722222222222222 0.5433006535947713 0.05228758169934641 0.11601307189542484
0 0.9330065359477124 0.565359477124183 0.04575163398692811 0.049019607843137254
0 0.8545751633986929 0.5898692810457516 0.05555555555555556 0.058823529411764705
0 0.8022875816993464 0.6143790849673203 0.07189542483660132 0.06862745098039216
0 0.6348039215686274 0.5629084967320261 0.11274509803921569 0.06372549019607843
0 0.7197712418300654 0.6151960784313726 0.09313725490196079 0.06699346405228758
0 0.6160130718954249 0.6282679738562091 0.049019607843137254 0.05392156862745098
0 0.5433006535947713 0.613562091503268 0.10294117647058824 0.09640522875816994
0 0.875 0.6658496732026143 0.06699346405228758 0.119281045751634
0 0.9321895424836601 0.667483660130719 0.06372549019607843 0.07679738562091504
0 0.8316993464052288 0.6764705882352942 0.05555555555555556 0.04575163398692811
0 0.8406862745098039 0.7205882352941176 0.07352941176470588 0.058823529411764705
0 0.9142156862745099 0.7410130718954249 0.04738562091503268 0.07026143790849673
0 0.7075163398692811 0.7066993464052288 0.12745098039215685 0.10947712418300654
0 0.7401960784313726 0.7810457516339869 0.07189542483660132 0.06535947712418301
0 0.8333333333333334 0.7916666666666667 0.11111111111111112 0.09640522875816994
0 0.542483660130719 0.678921568627451 0.04575163398692811 0.05065359477124183
0 0.5571895424836601 0.7197712418300654 0.0392156862745098 0.04738562091503268
0 0.6339869281045751 0.7655228758169935 0.13071895424836602 0.15522875816993464
0 0.5923202614379085 0.8488562091503268 0.06699346405228758 0.06372549019607843
0 0.630718954248366 0.9125816993464052 0.08169934640522876 0.06372549019607843
0 0.6879084967320261 0.9256535947712419 0.0392156862745098 0.057189542483660136
0 0.7401960784313726 0.8929738562091504 0.11111111111111112 0.08333333333333334
0 0.4673202614379085 0.6102941176470589 0.07189542483660132 0.07679738562091504
0 0.4812091503267974 0.6723856209150327 0.06372549019607843 0.06372549019607843
0 0.46977124183006536 0.7532679738562091 0.09640522875816994 0.10457516339869281
0 0.5147058823529412 0.8284313725490197 0.11437908496732027 0.13725490196078433
0 0.5449346405228759 0.9076797385620915 0.06699346405228758 0.07026143790849673
0 0.5759803921568628 0.9616013071895425 0.12254901960784315 0.06045751633986928
0 0.45996732026143794 0.9526143790849674 0.07352941176470588 0.07189542483660132
0 0.3651960784313726 0.9624183006535948 0.07352941176470588 0.04575163398692811
0 0.41339869281045755 0.8929738562091504 0.10784313725490197 0.13562091503267976
0 0.3504901960784314 0.8504901960784313 0.07352941176470588 0.07679738562091504
0 0.39542483660130723 0.7540849673202614 0.04575163398692811 0.06045751633986928
0 0.3366013071895425 0.7524509803921569 0.08823529411764706 0.10620915032679738
0 0.25653594771241833 0.7467320261437909 0.0784313725490196 0.10457516339869281
0 0.13970588235294118 0.8276143790849674 0.05392156862745098 0.057189542483660136
0 0.15604575163398693 0.755718954248366 0.09967320261437909 0.09640522875816994
0 0.09313725490196079 0.6707516339869282 0.12418300653594772 0.10620915032679738
0 0.28431372549019607 0.6470588235294118 0.08169934640522876 0.06862745098039216
0 0.22957516339869283 0.6707516339869282 0.07679738562091504 0.08986928104575163
0 0.18872549019607843 0.6503267973856209 0.07026143790849673 0.10457516339869281
0 0.17565359477124184 0.5906862745098039 0.08333333333333334 0.08006535947712419
0 0.2099673202614379 0.5245098039215687 0.07352941176470588 0.09150326797385622
0 0.2973856209150327 0.5326797385620915 0.11437908496732027 0.17320261437908496
0 0.09967320261437909 0.542483660130719 0.12091503267973856 0.12745098039215685
0 0.3929738562091503 0.5024509803921569 0.06699346405228758 0.07026143790849673
0 0.46895424836601307 0.4746732026143791 0.12418300653594772 0.10947712418300654
0 0.03104575163398693 0.5187908496732027 0.05228758169934641 0.14869281045751634
0 0.03758169934640523 0.3602941176470588 0.03594771241830066 0.057189542483660136
0 0.03349673202614379 0.411764705882353 0.04738562091503268 0.06862745098039216
0 0.13643790849673204 0.4207516339869281 0.1454248366013072 0.11274509803921569
0 0.25163398692810457 0.40522875816993464 0.07516339869281045 0.06862745098039216
0 0.32679738562091504 0.3978758169934641 0.0784313725490196 0.10947712418300654
0 0.3545751633986928 0.4428104575163399 0.04575163398692811 0.05228758169934641
0 0.41421568627450983 0.4011437908496732 0.09967320261437909 0.08333333333333334
0 0.49264705882352944 0.3978758169934641 0.06699346405228758 0.04411764705882353
0 0.4754901960784314 0.3496732026143791 0.08496732026143791 0.06862745098039216
0 0.4754901960784314 0.28513071895424835 0.08496732026143791 0.07026143790849673
0 0.12908496732026145 0.3145424836601307 0.11764705882352941 0.11274509803921569
0 0.2508169934640523 0.3137254901960784 0.09640522875816994 0.09803921568627451
0 0.37826797385620914 0.303921568627451 0.12581699346405228 0.10784313725490197
0 0.4754901960784314 0.22222222222222224 0.09803921568627451 0.09803921568627451
0 0.3014705882352941 0.2581699346405229 0.04084967320261438 0.04575163398692811
0 0.18218954248366015 0.244281045751634 0.08006535947712419 0.10620915032679738
0 0.125 0.18300653594771243 0.06045751633986928 0.0784313725490196
0 0.21568627450980393 0.1519607843137255 0.07516339869281045 0.09477124183006536
0 0.3480392156862745 0.1854575163398693 0.10457516339869281 0.119281045751634
0 0.33088235294117646 0.08823529411764706 0.09967320261437909 0.09150326797385622
0 0.43300653594771243 0.056372549019607844 0.0784313725490196 0.09313725490196079
