0 0.6004901960784313 0.03349673202614379 0.08006535947712419 0.04411764705882353
0 0.548202614379085 0.09150326797385622 0.12908496732026145 0.08823529411764706
0 0.6609477124183006 0.08169934640522876 0.07679738562091504 0.06209150326797386
0 0.7483660130718954 0.10784313725490197 0.12091503267973856 0.08169934640522876
0 0.6748366013071896 0.18627450980392157 0.12745098039215685 0.11764705882352941
0 0.5661764705882353 0.21241830065359477 0.13562091503267976 0.1503267973856209
0 0.4714052287581699 0.21895424836601307 0.09967320261437909 0.09477124183006536
0 0.7516339869281046 0.2107843137254902 0.05228758169934641 0.13071895424836602
0 0.7091503267973857 0.22549019607843138 0.032679738562091505 0.026143790849673203
0 0.7614379084967321 0.2908496732026144 0.04575163398692811 0.0392156862745098
0 0.8194444444444444 0.18627450980392157 0.09967320261437909 0.13071895424836602
0 0.8668300653594772 0.25326797385620914 0.08986928104575163 0.10130718954248366
0 0.6160130718954249 0.3684640522875817 0.12091503267973856 0.1388888888888889
0 0.7892156862745098 0.3374183006535948 0.0784313725490196 0.07026143790849673
0 0.8562091503267975 0.3946078431372549 0.13071895424836602 0.1519607843137255
0 0.9362745098039216 0.4166666666666667 0.042483660130718956 0.058823529411764705
0 0.7622549019607844 0.4624183006535948 0.10620915032679738 0.16339869281045752
0 0.8880718954248367 0.5114379084967321 0.12254901960784315 0.13398692810457516
0 0.8504901960784313 0.5915032679738562 0.057189542483660136 0.05555555555555556
0 0.7908496732026145 0.5694444444444444 0.042483660130718956 0.04738562091503268
0 0.9681372549019608 0.4575163398692811 0.05065359477124183 0.05228758169934641
0 0.9673202614379085 0.542483660130719 0.05555555555555556 0.11764705882352941
0 0.9338235294117647 0.2957516339869281 0.04411764705882353 0.0784313725490196
0 0.9330065359477124 0.5678104575163399 0.029411764705882353 0.04738562091503268
0 0.5776143790849674 0.4607843137254902 0.09640522875816994 0.09477124183006536
0 0.6764705882352942 0.5171568627450981 0.08496732026143791 0.06045751633986928
0 0.6372549019607844 0.5669934640522876 0.09803921568627451 0.058823529411764705
0 0.7214052287581699 0.6184640522875817 0.119281045751634 0.08660130718954248
0 0.8047385620915033 0.6160130718954249 0.05065359477124183 0.058823529411764705
0 0.8178104575163399 0.6666666666666667 0.04411764705882353 0.05555555555555556
0 0.8758169934640523 0.6666666666666667 0.058823529411764705 0.11764705882352941
0 0.9370915032679739 0.6723856209150327 0.04738562091503268 0.06045751633986928
0 0.8406862745098039 0.732843137254902 0.07679738562091504 0.07352941176470588
0 0.7091503267973857 0.7050653594771242 0.10784313725490197 0.09313725490196079
0 0.7410130718954249 0.7802287581699346 0.07352941176470588 0.06699346405228758
0 0.8276143790849674 0.7973856209150327 0.10947712418300654 0.09477124183006536
0 0.9166666666666667 0.7393790849673203 0.05228758169934641 0.08333333333333334
0 0.6372549019607844 0.7630718954248367 0.12091503267973856 0.1568627450980392
0 0.7410130718954249 0.8415032679738562 0.03104575163398693 0.042483660130718956
0 0.7418300653594772 0.8986928104575164 0.11111111111111112 0.08169934640522876
0 0.6111111111111112 0.6233660130718954 0.032679738562091505 0.03758169934640523
0 0.5473856209150327 0.6143790849673203 0.10457516339869281 0.09477124183006536
0 0.46405228758169936 0.6037581699346405 0.08169934640522876 0.08660130718954248
0 0.47794117647058826 0.6715686274509804 0.05065359477124183 0.049019607843137254
0 0.43790849673202614 0.6650326797385621 0.032679738562091505 0.0392156862745098
0 0.47794117647058826 0.75 0.09640522875816994 0.11764705882352941
0 0.513888888888889 0.8251633986928105 0.09967320261437909 0.12745098039215685
0 0.5457516339869282 0.9068627450980392 0.07516339869281045 0.08496732026143791
0 0.5923202614379085 0.8480392156862745 0.08333333333333334 0.06862745098039216
0 0.6339869281045751 0.9093137254901961 0.08496732026143791 0.08006535947712419
0 0.5727124183006536 0.9616013071895425 0.11601307189542484 0.05392156862745098
0 0.4477124183006536 0.9591503267973857 0.09150326797385622 0.0784313725490196
0 0.4109477124183007 0.8929738562091504 0.09967320261437909 0.1388888888888889
0 0.3513071895424837 0.8529411764705883 0.08169934640522876 0.08169934640522876
0 0.39950980392156865 0.7606209150326798 0.03431372549019608 0.057189542483660136
0 0.33986928104575165 0.75 0.09803921568627451 0.10784313725490197
0 0.2573529411764706 0.7459150326797386 0.08660130718954248 0.10294117647058824
0 0.14869281045751634 0.8276143790849674 0.06535947712418301 0.07352941176470588
0 0.16094771241830066 0.755718954248366 0.10294117647058824 0.09313725490196079
0 0.3194444444444445 0.6593137254901961 0.04411764705882353 0.07026143790849673
0 0.23529411764705882 0.6707516339869282 0.08496732026143791 0.09313725490196079
0 0.09722222222222222 0.6691176470588236 0.11601307189542484 0.10294117647058824
0 0.18627450980392157 0.6495098039215687 0.07189542483660132 0.11274509803921569
0 0.16339869281045752 0.5947712418300654 0.058823529411764705 0.05228758169934641
0 0.2099673202614379 0.5343137254901961 0.09640522875816994 0.10784313725490197
0 0.29983660130718953 0.5351307189542484 0.10620915032679738 0.16830065359477125
0 0.39133986928104575 0.5065359477124183 0.07679738562091504 0.07516339869281045
0 0.46895424836601307 0.46977124183006536 0.11764705882352941 0.09313725490196079
0 0.4158496732026144 0.4019607843137255 0.09640522875816994 0.08169934640522876
0 0.3276143790849673 0.3978758169934641 0.08660130718954248 0.11274509803921569
0 0.4754901960784314 0.3545751633986928 0.08169934640522876 0.08169934640522876
0 0.25326797385620914 0.4076797385620915 0.0784313725490196 0.06699346405228758
0 0.09803921568627451 0.5408496732026143 0.11437908496732027 0.12745098039215685
0 0.03104575163398693 0.4959150326797386 0.049019607843137254 0.18137254901960784
0 0.13970588235294118 0.41830065359477125 0.14215686274509803 0.11764705882352941
0 0.040032679738562095 0.35866013071895425 0.04084967320261438 0.07026143790849673
0 0.12663398692810457 0.32189542483660133 0.10620915032679738 0.10457516339869281
0 0.2549019607843137 0.31290849673202614 0.08169934640522876 0.09313725490196079
0 0.3758169934640523 0.30718954248366015 0.11764705882352941 0.10784313725490197
0 0.4754901960784314 0.286764705882353 0.0784313725490196 0.06045751633986928
0 0.30637254901960786 0.26143790849673204 0.05065359477124183 0.058823529411764705
0 0.18055555555555555 0.2426470588235294 0.09313725490196079 0.10620915032679738
0 0.3496732026143791 0.18790849673202614 0.10130718954248366 0.11764705882352941
0 0.286764705882353 0.1527777777777778 0.04411764705882353 0.05065359477124183
0 0.21895424836601307 0.1576797385620915 0.07516339869281045 0.09313725490196079
0 0.3292483660130719 0.0857843137254902 0.119281045751634 0.09313725490196079
0 0.4387254901960784 0.06290849673202614 0.06045751633986928 0.07352941176470588
0 0.12418300653594772 0.184640522875817 0.058823529411764705 0.07189542483660132
