0 0.559640522875817 0.02777777777777778 0.04411764705882353 0.049019607843137254
0 0.6119281045751634 0.032679738562091505 0.07679738562091504 0.0392156862745098
0 0.5506535947712419 0.08741830065359478 0.11764705882352941 0.06045751633986928
0 0.6151960784313726 0.07352941176470588 0.04084967320261438 0.0392156862745098
0 0.6593137254901961 0.08169934640522876 0.06045751633986928 0.04575163398692811
0 0.75 0.10212418300653595 0.13398692810457516 0.08333333333333334
0 0.673202614379085 0.18218954248366015 0.11764705882352941 0.10620915032679738
0 0.5678104575163399 0.21405228758169936 0.13562091503267976 0.14052287581699346
0 0.7107843137254902 0.22140522875816995 0.05228758169934641 0.04738562091503268
0 0.7508169934640523 0.22303921568627452 0.03431372549019608 0.06372549019607843
0 0.8137254901960784 0.184640522875817 0.12091503267973856 0.12745098039215685
0 0.8700980392156863 0.24591503267973858 0.07679738562091504 0.06699346405228758
0 0.7532679738562091 0.28758169934640526 0.06209150326797386 0.0784313725490196
0 0.7900326797385621 0.3374183006535948 0.06699346405228758 0.07026143790849673
0 0.6119281045751634 0.36601307189542487 0.11274509803921569 0.12745098039215685
0 0.948529411764706 0.3431372549019608 0.04084967320261438 0.06209150326797386
0 0.852124183006536 0.3897058823529412 0.12908496732026145 0.16176470588235295
0 0.7687908496732027 0.45996732026143794 0.09640522875816994 0.1650326797385621
0 0.8937908496732027 0.5049019607843137 0.11764705882352941 0.12418300653594772
0 0.9395424836601307 0.4150326797385621 0.05555555555555556 0.06535947712418301
0 0.9714052287581699 0.45915032679738566 0.04738562091503268 0.049019607843137254
0 0.9305555555555556 0.565359477124183 0.05065359477124183 0.058823529411764705
0 0.8178104575163399 0.5457516339869282 0.06045751633986928 0.042483660130718956
0 0.6821895424836601 0.5122549019607844 0.09967320261437909 0.07352941176470588
0 0.8553921568627452 0.5866013071895425 0.05065359477124183 0.06209150326797386
0 0.9338235294117647 0.6691176470588236 0.07026143790849673 0.08986928104575163
0 0.8741830065359477 0.6609477124183006 0.058823529411764705 0.09967320261437909
0 0.8006535947712419 0.6119281045751634 0.07189542483660132 0.07026143790849673
0 0.7230392156862745 0.6168300653594772 0.08006535947712419 0.06372549019607843
0 0.8374183006535948 0.6797385620915033 0.05065359477124183 0.0392156862745098
0 0.8431372549019608 0.7181372549019608 0.06535947712418301 0.04411764705882353
0 0.8366013071895425 0.7875816993464052 0.11437908496732027 0.09477124183006536
0 0.9125816993464052 0.7410130718954249 0.05392156862745098 0.057189542483660136
0 0.7140522875816994 0.7034313725490197 0.12745098039215685 0.12254901960784315
0 0.7401960784313726 0.7826797385620915 0.06862745098039216 0.06209150326797386
0 0.5841503267973857 0.45669934640522875 0.09640522875816994 0.10620915032679738
0 0.6372549019607844 0.5661764705882353 0.12418300653594772 0.07026143790849673
0 0.6184640522875817 0.6290849673202614 0.05065359477124183 0.05555555555555556
0 0.542483660130719 0.619281045751634 0.09803921568627451 0.10457516339869281
0 0.548202614379085 0.6862745098039216 0.04411764705882353 0.049019607843137254
0 0.5555555555555556 0.7222222222222222 0.03594771241830066 0.049019607843137254
0 0.6331699346405228 0.7663398692810458 0.12581699346405228 0.15359477124183007
0 0.738562091503268 0.8970588235294118 0.10457516339869281 0.09150326797385622
0 0.5915032679738562 0.8529411764705883 0.05555555555555556 0.058823529411764705
0 0.6290849673202614 0.9142156862745099 0.06862745098039216 0.057189542483660136
0 0.6838235294117647 0.9297385620915033 0.05065359477124183 0.06535947712418301
0 0.5784313725490197 0.9599673202614379 0.11764705882352941 0.06045751633986928
0 0.5441176470588236 0.9093137254901961 0.058823529411764705 0.07026143790849673
0 0.4624183006535948 0.9566993464052288 0.06535947712418301 0.07352941176470588
0 0.36356209150326796 0.9697712418300654 0.08986928104575163 0.04411764705882353
0 0.41421568627450983 0.8913398692810458 0.09967320261437909 0.12908496732026145
0 0.3480392156862745 0.8529411764705883 0.06535947712418301 0.06862745098039216
0 0.5122549019607844 0.8284313725490197 0.119281045751634 0.13398692810457516
0 0.4681372549019608 0.7540849673202614 0.09967320261437909 0.09967320261437909
0 0.39869281045751637 0.7524509803921569 0.049019607843137254 0.057189542483660136
0 0.48284313725490197 0.6723856209150327 0.08006535947712419 0.06045751633986928
0 0.46405228758169936 0.6086601307189543 0.07189542483660132 0.06699346405228758
0 0.3382352941176471 0.7516339869281046 0.08496732026143791 0.10130718954248366
0 0.25571895424836605 0.7483660130718954 0.08006535947712419 0.09803921568627451
0 0.1527777777777778 0.7589869281045751 0.09640522875816994 0.09640522875816994
0 0.09477124183006536 0.6691176470588236 0.13071895424836602 0.11601307189542484
0 0.14460784313725492 0.8276143790849674 0.04084967320261438 0.05065359477124183
0 0.28431372549019607 0.6495098039215687 0.08496732026143791 0.08333333333333334
0 0.22794117647058823 0.6707516339869282 0.07352941176470588 0.08006535947712419
0 0.1854575163398693 0.6503267973856209 0.06372549019607843 0.09803921568627451
0 0.17892156862745098 0.5972222222222222 0.08660130718954248 0.07352941176470588
0 0.29411764705882354 0.5326797385620915 0.10784313725490197 0.17647058823529413
0 0.21160130718954248 0.5155228758169935 0.06699346405228758 0.09967320261437909
0 0.09967320261437909 0.5465686274509804 0.11764705882352941 0.12908496732026145
0 0.028594771241830068 0.5204248366013072 0.05065359477124183 0.1519607843137255
0 0.3897058823529412 0.49754901960784315 0.07026143790849673 0.06372549019607843
0 0.47385620915032683 0.4754901960784314 0.12418300653594772 0.11111111111111112
0 0.352124183006536 0.4419934640522876 0.06045751633986928 0.06372549019607843
0 0.4158496732026144 0.4019607843137255 0.09640522875816994 0.0784313725490196
0 0.4934640522875817 0.3946078431372549 0.06535947712418301 0.06372549019607843
0 0.32598039215686275 0.3946078431372549 0.07352941176470588 0.09967320261437909
0 0.25245098039215685 0.4035947712418301 0.08006535947712419 0.07189542483660132
0 0.1380718954248366 0.42401960784313725 0.1454248366013072 0.12254901960784315
0 0.03594771241830066 0.4076797385620915 0.049019607843137254 0.07352941176470588
0 0.042483660130718956 0.3602941176470588 0.03594771241830066 0.05065359477124183
0 0.47794117647058826 0.34885620915032683 0.08006535947712419 0.06699346405228758
0 0.477124183006536 0.28431372549019607 0.08169934640522876 0.06535947712418301
0 0.477124183006536 0.2238562091503268 0.10130718954248366 0.10457516339869281
0 0.37745098039215685 0.3055555555555556 0.12745098039215685 0.11111111111111112
0 0.2540849673202614 0.31290849673202614 0.10294117647058824 0.10294117647058824
0 0.12826797385620917 0.3137254901960784 0.119281045751634 0.11764705882352941
0 0.18382352941176472 0.2426470588235294 0.07679738562091504 0.10620915032679738
0 0.34885620915032683 0.184640522875817 0.11274509803921569 0.11764705882352941
0 0.2181372549019608 0.1527777777777778 0.07352941176470588 0.09967320261437909
0 0.33415032679738566 0.08741830065359478 0.09640522875816994 0.09313725490196079
0 0.4338235294117647 0.057189542483660136 0.08333333333333334 0.09150326797385622
0 0.12418300653594772 0.18709150326797386 0.06535947712418301 0.07026143790849673
