0 0.5065359477124183 0.032679738562091505 0.10784313725490197 0.06535947712418301
0 0.5473856209150327 0.10049019607843138 0.14052287581699346 0.09967320261437909
0 0.6421568627450981 0.07026143790849673 0.09477124183006536 0.09150326797385622
0 0.7361111111111112 0.11274509803921569 0.06372549019607843 0.05228758169934641
0 0.6658496732026143 0.18137254901960784 0.11601307189542484 0.12091503267973856
0 0.5604575163398693 0.21160130718954248 0.11764705882352941 0.13562091503267976
0 0.6952614379084967 0.25245098039215685 0.09640522875816994 0.08660130718954248
0 0.7736928104575164 0.19444444444444445 0.07026143790849673 0.11111111111111112
0 0.829248366013072 0.15849673202614378 0.04738562091503268 0.05228758169934641
0 0.8251633986928105 0.22140522875816995 0.058823529411764705 0.05392156862745098
0 0.8611111111111112 0.25571895424836605 0.09477124183006536 0.12254901960784315
0 0.9362745098039216 0.3031045751633987 0.05555555555555556 0.09640522875816994
0 0.7883986928104575 0.33169934640522875 0.10620915032679738 0.09150326797385622
0 0.6184640522875817 0.37173202614379086 0.13562091503267976 0.1454248366013072
0 0.6143790849673203 0.5228758169934641 0.11764705882352941 0.11437908496732027
0 0.7410130718954249 0.45915032679738566 0.09967320261437909 0.14705882352941177
0 0.8398692810457516 0.4256535947712418 0.05555555555555556 0.05392156862745098
0 0.9264705882352942 0.41830065359477125 0.10130718954248366 0.10784313725490197
0 0.8790849673202614 0.5269607843137255 0.10457516339869281 0.1323529411764706
0 0.9468954248366014 0.5073529411764706 0.04084967320261438 0.057189542483660136
0 0.8022875816993464 0.559640522875817 0.08496732026143791 0.08333333333333334
0 0.7140522875816994 0.5588235294117647 0.06535947712418301 0.06862745098039216
0 0.9632352941176471 0.5449346405228759 0.04738562091503268 0.10620915032679738
0 0.7303921568627452 0.6348039215686274 0.11764705882352941 0.09967320261437909
0 0.8218954248366014 0.6552287581699346 0.07189542483660132 0.10784313725490197
0 0.8905228758169935 0.6707516339869282 0.06209150326797386 0.09967320261437909
0 0.9362745098039216 0.6462418300653595 0.0784313725490196 0.10620915032679738
0 0.8758169934640523 0.7263071895424836 0.04575163398692811 0.06372549019607843
0 0.8398692810457516 0.7508169934640523 0.07516339869281045 0.07026143790849673
0 0.7516339869281046 0.7647058823529412 0.10457516339869281 0.08169934640522876
0 0.6601307189542484 0.7058823529411765 0.10457516339869281 0.09803921568627451
0 0.6544117647058824 0.7949346405228759 0.07352941176470588 0.05065359477124183
0 0.7279411764705882 0.8447712418300654 0.09313725490196079 0.06862745098039216
0 0.8619281045751634 0.7990196078431373 0.057189542483660136 0.049019607843137254
0 0.7214052287581699 0.9109477124183006 0.08986928104575163 0.06372549019607843
0 0.6421568627450981 0.9052287581699346 0.0784313725490196 0.06535947712418301
0 0.6176470588235294 0.8472222222222222 0.13725490196078433 0.08006535947712419
0 0.5767973856209151 0.9460784313725491 0.06209150326797386 0.049019607843137254
0 0.5294117647058824 0.8897058823529412 0.08823529411764706 0.09967320261437909
0 0.4681372549019608 0.9035947712418301 0.03431372549019608 0.049019607843137254
0 0.5776143790849674 0.9044117647058824 0.03431372549019608 0.024509803921568627
0 0.42483660130718953 0.9517973856209151 0.08823529411764706 0.07026143790849673
0 0.39869281045751637 0.8929738562091504 0.10457516339869281 0.119281045751634
0 0.34477124183006536 0.8496732026143791 0.08823529411764706 0.09803921568627451
0 0.4803921568627451 0.815359477124183 0.06862745098039216 0.09803921568627451
0 0.5988562091503268 0.7704248366013072 0.06372549019607843 0.07352941176470588
0 0.5367647058823529 0.7589869281045751 0.05392156862745098 0.09967320261437909
0 0.4893790849673203 0.7336601307189543 0.04411764705882353 0.06209150326797386
0 0.42728758169934644 0.7524509803921569 0.07026143790849673 0.08986928104575163
0 0.3431372549019608 0.7459150326797386 0.10130718954248366 0.11274509803921569
0 0.5285947712418301 0.6748366013071896 0.09313725490196079 0.07189542483660132
0 0.4411764705882353 0.673202614379085 0.08169934640522876 0.06862745098039216
0 0.25326797385620914 0.7426470588235294 0.0784313725490196 0.09967320261437909
0 0.1650326797385621 0.8366013071895425 0.11764705882352941 0.10130718954248366
0 0.10784313725490197 0.7450980392156863 0.09477124183006536 0.08496732026143791
0 0.33415032679738566 0.6560457516339869 0.09640522875816994 0.08660130718954248
0 0.24183006535947713 0.6584967320261438 0.09477124183006536 0.10457516339869281
0 0.18382352941176472 0.6593137254901961 0.06372549019607843 0.09640522875816994
0 0.09885620915032681 0.6609477124183006 0.07352941176470588 0.05392156862745098
0 0.06372549019607843 0.5784313725490197 0.11764705882352941 0.13725490196078433
0 0.11111111111111112 0.5147058823529412 0.032679738562091505 0.032679738562091505
0 0.2042483660130719 0.5367647058823529 0.15359477124183007 0.14869281045751634
0 0.30800653594771243 0.548202614379085 0.07679738562091504 0.11601307189542484
0 0.37663398692810457 0.513888888888889 0.1388888888888889 0.10620915032679738
0 0.47303921568627455 0.5759803921568628 0.10947712418300654 0.1323529411764706
0 0.4215686274509804 0.40931372549019607 0.07189542483660132 0.05392156862745098
0 0.3243464052287582 0.4035947712418301 0.09640522875816994 0.12745098039215685
0 0.22549019607843138 0.41339869281045755 0.10130718954248366 0.08823529411764706
0 0.12418300653594772 0.41421568627450983 0.10784313725490197 0.11274509803921569
0 0.04820261437908497 0.3562091503267974 0.06045751633986928 0.08496732026143791
0 0.24836601307189543 0.3292483660130719 0.08496732026143791 0.06699346405228758
0 0.1642156862745098 0.3415032679738562 0.07352941176470588 0.07189542483660132
0 0.0784313725490196 0.2761437908496732 0.05555555555555556 0.09803921568627451
0 0.16830065359477125 0.24673202614379086 0.13071895424836602 0.12418300653594772
0 0.3235294117647059 0.2638888888888889 0.10130718954248366 0.09313725490196079
0 0.369281045751634 0.3104575163398693 0.07189542483660132 0.07516339869281045
0 0.4665032679738562 0.3464052287581699 0.08986928104575163 0.10784313725490197
0 0.4419934640522876 0.2777777777777778 0.07679738562091504 0.05555555555555556
0 0.4550653594771242 0.2238562091503268 0.06045751633986928 0.06209150326797386
0 0.27450980392156865 0.16013071895424838 0.11437908496732027 0.12418300653594772
0 0.4223856209150327 0.12336601307189543 0.09967320261437909 0.15522875816993464
0 0.3504901960784314 0.1593137254901961 0.03431372549019608 0.03431372549019608
0 0.3235294117647059 0.07434640522875817 0.11437908496732027 0.07679738562091504
0 0.21160130718954248 0.11356209150326797 0.07679738562091504 0.06372549019607843
