0 0.5024509803921569 0.03349673202614379 0.09313725490196079 0.05392156862745098
0 0.548202614379085 0.09722222222222222 0.1454248366013072 0.10294117647058824
0 0.6486928104575164 0.07189542483660132 0.10130718954248366 0.10130718954248366
0 0.5588235294117647 0.20915032679738563 0.12091503267973856 0.13725490196078433
0 0.6699346405228759 0.18137254901960784 0.12091503267973856 0.12091503267973856
0 0.7426470588235294 0.10947712418300654 0.08333333333333334 0.06862745098039216
0 0.7696078431372549 0.1968954248366013 0.07189542483660132 0.119281045751634
0 0.698529411764706 0.24918300653594772 0.07679738562091504 0.07352941176470588
0 0.6184640522875817 0.37254901960784315 0.1323529411764706 0.14705882352941177
0 0.5645424836601307 0.45179738562091504 0.04084967320261438 0.03758169934640523
0 0.8284313725490197 0.1650326797385621 0.058823529411764705 0.0784313725490196
0 0.8627450980392157 0.2573529411764706 0.10130718954248366 0.11601307189542484
0 0.7949346405228759 0.33169934640522875 0.10620915032679738 0.09477124183006536
0 0.744281045751634 0.45996732026143794 0.11274509803921569 0.15849673202614378
0 0.8513071895424836 0.4035947712418301 0.09150326797385622 0.11764705882352941
0 0.9313725490196079 0.4215686274509804 0.08169934640522876 0.09477124183006536
0 0.9330065359477124 0.2973856209150327 0.058823529411764705 0.10457516339869281
0 0.6111111111111112 0.5236928104575164 0.10457516339869281 0.11274509803921569
0 0.7140522875816994 0.5612745098039216 0.058823529411764705 0.04411764705882353
0 0.8031045751633987 0.5588235294117647 0.08006535947712419 0.0784313725490196
0 0.883169934640523 0.5245098039215687 0.11274509803921569 0.14052287581699346
0 0.8570261437908497 0.5882352941176471 0.03758169934640523 0.04575163398692811
0 0.9493464052287582 0.5073529411764706 0.03594771241830066 0.03758169934640523
0 0.9656862745098039 0.5457516339869282 0.049019607843137254 0.12091503267973856
0 0.9354575163398693 0.6454248366013072 0.08006535947712419 0.11437908496732027
0 0.7295751633986929 0.6331699346405228 0.12254901960784315 0.10294117647058824
0 0.8251633986928105 0.6576797385620915 0.07516339869281045 0.10294117647058824
0 0.8905228758169935 0.6666666666666667 0.05555555555555556 0.10130718954248366
0 0.880718954248366 0.7238562091503268 0.04575163398692811 0.049019607843137254
0 0.8464052287581699 0.744281045751634 0.08823529411764706 0.08333333333333334
0 0.869281045751634 0.7973856209150327 0.04575163398692811 0.042483660130718956
0 0.7516339869281046 0.7663398692810458 0.10130718954248366 0.08169934640522876
0 0.6601307189542484 0.7034313725490197 0.09150326797385622 0.08986928104575163
0 0.8398692810457516 0.8202614379084967 0.04575163398692811 0.0392156862745098
0 0.7303921568627452 0.8455882352941176 0.09150326797385622 0.07352941176470588
0 0.7214052287581699 0.9076797385620915 0.08986928104575163 0.07026143790849673
0 0.6503267973856209 0.7843137254901961 0.08823529411764706 0.09150326797385622
0 0.6111111111111112 0.8480392156862745 0.13071895424836602 0.08169934640522876
0 0.6397058823529412 0.9060457516339869 0.08006535947712419 0.07352941176470588
0 0.5433006535947713 0.8970588235294118 0.11274509803921569 0.11764705882352941
0 0.4354575163398693 0.9526143790849674 0.10620915032679738 0.0784313725490196
0 0.40441176470588236 0.8897058823529412 0.10294117647058824 0.12908496732026145
0 0.3496732026143791 0.8488562091503268 0.09803921568627451 0.10294117647058824
0 0.4812091503267974 0.8169934640522876 0.06372549019607843 0.08823529411764706
0 0.579248366013072 0.7728758169934641 0.07026143790849673 0.08496732026143791
0 0.4893790849673203 0.7418300653594772 0.06699346405228758 0.0784313725490196
0 0.5310457516339869 0.673202614379085 0.09477124183006536 0.06862745098039216
0 0.5547385620915033 0.6029411764705882 0.05392156862745098 0.06209150326797386
0 0.4681372549019608 0.5808823529411765 0.10620915032679738 0.1323529411764706
0 0.4436274509803922 0.6756535947712419 0.08333333333333334 0.07026143790849673
0 0.4223856209150327 0.755718954248366 0.06699346405228758 0.08333333333333334
0 0.3423202614379085 0.7467320261437909 0.10947712418300654 0.11111111111111112
0 0.1642156862745098 0.8333333333333334 0.11274509803921569 0.10130718954248366
0 0.25326797385620914 0.7483660130718954 0.08823529411764706 0.10784313725490197
0 0.18790849673202614 0.7434640522875817 0.06209150326797386 0.05555555555555556
0 0.10784313725490197 0.7450980392156863 0.07516339869281045 0.08496732026143791
0 0.33169934640522875 0.6593137254901961 0.09477124183006536 0.09313725490196079
0 0.24019607843137256 0.6568627450980392 0.09477124183006536 0.09803921568627451
0 0.18627450980392157 0.6593137254901961 0.07189542483660132 0.10620915032679738
0 0.0923202614379085 0.6642156862745098 0.07352941176470588 0.06699346405228758
0 0.06290849673202614 0.5816993464052288 0.09967320261437909 0.12418300653594772
0 0.1053921568627451 0.5163398692810458 0.057189542483660136 0.04575163398692811
0 0.20098039215686275 0.5351307189542484 0.14379084967320263 0.1454248366013072
0 0.30637254901960786 0.5473856209150327 0.08660130718954248 0.14052287581699346
0 0.38071895424836605 0.5122549019607844 0.12745098039215685 0.10620915032679738
0 0.4477124183006536 0.4575163398692811 0.0392156862745098 0.06209150326797386
0 0.41748366013071897 0.4035947712418301 0.08660130718954248 0.06535947712418301
0 0.3235294117647059 0.40441176470588236 0.09803921568627451 0.12908496732026145
0 0.22875816993464054 0.41421568627450983 0.09477124183006536 0.08660130718954248
0 0.12908496732026145 0.411764705882353 0.12418300653594772 0.12418300653594772
0 0.1642156862745098 0.3431372549019608 0.07026143790849673 0.07189542483660132
0 0.10866013071895425 0.32516339869281047 0.04738562091503268 0.05228758169934641
0 0.04656862745098039 0.35784313725490197 0.057189542483660136 0.08169934640522876
0 0.24591503267973858 0.33169934640522875 0.07026143790849673 0.06209150326797386
0 0.4681372549019608 0.34395424836601307 0.09313725490196079 0.10620915032679738
0 0.37336601307189543 0.315359477124183 0.08333333333333334 0.10130718954248366
0 0.4387254901960784 0.2785947712418301 0.06045751633986928 0.05065359477124183
0 0.3194444444444445 0.2687908496732026 0.09967320261437909 0.08660130718954248
0 0.0784313725490196 0.2785947712418301 0.05555555555555556 0.07026143790849673
0 0.1707516339869281 0.24673202614379086 0.1388888888888889 0.12745098039215685
0 0.45588235294117646 0.22794117647058823 0.0784313725490196 0.09313725490196079
0 0.3513071895424837 0.16013071895424838 0.06535947712418301 0.06535947712418301
0 0.2704248366013072 0.16339869281045752 0.09640522875816994 0.12091503267973856
0 0.42401960784313725 0.12336601307189543 0.08660130718954248 0.15849673202614378
0 0.3186274509803922 0.07761437908496732 0.11111111111111112 0.08660130718954248
