0 0.5580065359477124 0.02696078431372549 0.04084967320261438 0.04411764705882353
0 0.6127450980392157 0.031862745098039214 0.06862745098039216 0.04411764705882353
0 0.5629084967320261 0.08741830065359478 0.08006535947712419 0.06372549019607843
0 0.6119281045751634 0.07924836601307189 0.04411764705882353 0.04738562091503268
0 0.6601307189542484 0.08496732026143791 0.06209150326797386 0.04575163398692811
0 0.7483660130718954 0.10457516339869281 0.12745098039215685 0.08169934640522876
0 0.8120915032679739 0.18218954248366015 0.11764705882352941 0.12254901960784315
0 0.7450980392156863 0.22630718954248366 0.029411764705882353 0.03431372549019608
0 0.7132352941176471 0.22140522875816995 0.04738562091503268 0.04738562091503268
0 0.6699346405228759 0.18382352941176472 0.12418300653594772 0.11274509803921569
0 0.5694444444444444 0.21405228758169936 0.1323529411764706 0.14052287581699346
0 0.8725490196078431 0.244281045751634 0.06862745098039216 0.06045751633986928
0 0.7508169934640523 0.286764705882353 0.06372549019607843 0.07679738562091504
0 0.7867647058823529 0.34068627450980393 0.06045751633986928 0.057189542483660136
0 0.6151960784313726 0.36356209150326796 0.10620915032679738 0.12581699346405228
0 0.8529411764705883 0.3888888888888889 0.12745098039215685 0.15359477124183007
0 0.9444444444444444 0.3431372549019608 0.04575163398692811 0.06535947712418301
0 0.7720588235294118 0.4616013071895425 0.09313725490196079 0.16176470588235295
0 0.940359477124183 0.41748366013071897 0.05392156862745098 0.06372549019607843
0 0.9722222222222222 0.45996732026143794 0.04575163398692811 0.04738562091503268
0 0.8929738562091504 0.5032679738562091 0.10620915032679738 0.12745098039215685
0 0.9689542483660131 0.5457516339869282 0.04575163398692811 0.11764705882352941
0 0.9313725490196079 0.5718954248366013 0.05228758169934641 0.049019607843137254
0 0.815359477124183 0.548202614379085 0.06535947712418301 0.05392156862745098
0 0.678921568627451 0.5114379084967321 0.10620915032679738 0.07189542483660132
0 0.8570261437908497 0.5882352941176471 0.05065359477124183 0.05555555555555556
0 0.7990196078431373 0.613562091503268 0.08169934640522876 0.07026143790849673
0 0.8741830065359477 0.6601307189542484 0.06209150326797386 0.11111111111111112
0 0.9338235294117647 0.6699346405228759 0.06372549019607843 0.08823529411764706
0 0.8366013071895425 0.6772875816993464 0.05555555555555556 0.05065359477124183
0 0.8398692810457516 0.7156862745098039 0.05228758169934641 0.042483660130718956
0 0.9052287581699346 0.7418300653594772 0.058823529411764705 0.06535947712418301
0 0.8357843137254902 0.7851307189542484 0.11274509803921569 0.09313725490196079
0 0.7238562091503268 0.6160130718954249 0.06862745098039216 0.06209150326797386
0 0.7156862745098039 0.7009803921568628 0.13398692810457516 0.12418300653594772
0 0.5825163398692811 0.45833333333333337 0.09313725490196079 0.10947712418300654
0 0.6348039215686274 0.5629084967320261 0.11274509803921569 0.06372549019607843
0 0.6209150326797386 0.6266339869281046 0.058823529411764705 0.06372549019607843
0 0.7401960784313726 0.7810457516339869 0.06535947712418301 0.05228758169934641
0 0.5433006535947713 0.6143790849673203 0.09640522875816994 0.10130718954248366
0 0.46486928104575165 0.6119281045751634 0.06372549019607843 0.06372549019607843
0 0.4877450980392157 0.6772875816993464 0.08660130718954248 0.06045751633986928
0 0.5498366013071896 0.6838235294117647 0.04411764705882353 0.03431372549019608
0 0.5580065359477124 0.7246732026143791 0.04084967320261438 0.04411764705882353
0 0.6331699346405228 0.7671568627450981 0.12254901960784315 0.15522875816993464
0 0.7418300653594772 0.8962418300653595 0.10457516339869281 0.08660130718954248
0 0.6838235294117647 0.9313725490196079 0.05065359477124183 0.07516339869281045
0 0.6233660130718954 0.9093137254901961 0.06372549019607843 0.057189542483660136
0 0.5906862745098039 0.8504901960784313 0.04738562091503268 0.05392156862745098
0 0.5441176470588236 0.9133986928104575 0.049019607843137254 0.06535947712418301
0 0.573529411764706 0.9616013071895425 0.11764705882352941 0.057189542483660136
0 0.5147058823529412 0.8251633986928105 0.11764705882352941 0.14052287581699346
0 0.4607843137254902 0.9591503267973857 0.058823529411764705 0.05555555555555556
0 0.41258169934640526 0.8921568627450981 0.09967320261437909 0.13398692810457516
0 0.3464052287581699 0.8504901960784313 0.06209150326797386 0.06699346405228758
0 0.4673202614379085 0.7549019607843137 0.09477124183006536 0.10130718954248366
0 0.3758169934640523 0.9697712418300654 0.09477124183006536 0.04411764705882353
0 0.3962418300653595 0.7508169934640523 0.04411764705882353 0.06045751633986928
0 0.33986928104575165 0.7508169934640523 0.08169934640522876 0.09967320261437909
0 0.2549019607843137 0.7491830065359477 0.08169934640522876 0.09967320261437909
0 0.1527777777777778 0.7549019607843137 0.09967320261437909 0.09477124183006536
0 0.09477124183006536 0.6756535947712419 0.13071895424836602 0.10620915032679738
0 0.2720588235294118 0.6495098039215687 0.09967320261437909 0.08333333333333334
0 0.21977124183006536 0.6748366013071896 0.06045751633986928 0.07516339869281045
0 0.1854575163398693 0.6519607843137255 0.06372549019607843 0.09803921568627451
0 0.17973856209150327 0.5931372549019608 0.09477124183006536 0.08169934640522876
0 0.29330065359477125 0.5310457516339869 0.11274509803921569 0.16666666666666669
0 0.2107843137254902 0.5122549019607844 0.06535947712418301 0.10294117647058824
0 0.09885620915032681 0.5449346405228759 0.119281045751634 0.12908496732026145
0 0.03022875816993464 0.5228758169934641 0.04738562091503268 0.1568627450980392
0 0.39133986928104575 0.49836601307189543 0.06372549019607843 0.05555555555555556
0 0.46977124183006536 0.4754901960784314 0.12581699346405228 0.10784313725490197
0 0.4934640522875817 0.3946078431372549 0.06862745098039216 0.05065359477124183
0 0.4150326797385621 0.4011437908496732 0.09477124183006536 0.08333333333333334
0 0.35375816993464054 0.4436274509803922 0.06372549019607843 0.07679738562091504
0 0.3284313725490196 0.3978758169934641 0.07189542483660132 0.09967320261437909
0 0.25326797385620914 0.40522875816993464 0.08496732026143791 0.07516339869281045
0 0.1388888888888889 0.4223856209150327 0.14052287581699346 0.11601307189542484
0 0.03676470588235294 0.3897058823529412 0.06699346405228758 0.11601307189542484
0 0.477124183006536 0.34395424836601307 0.08169934640522876 0.057189542483660136
0 0.4754901960784314 0.2818627450980392 0.08169934640522876 0.08006535947712419
0 0.37826797385620914 0.303921568627451 0.12254901960784315 0.11111111111111112
0 0.2508169934640523 0.31209150326797386 0.09967320261437909 0.10130718954248366
0 0.1323529411764706 0.3137254901960784 0.12418300653594772 0.12418300653594772
0 0.1854575163398693 0.244281045751634 0.07352941176470588 0.09967320261437909
0 0.21895424836601307 0.15522875816993464 0.08169934640522876 0.08823529411764706
0 0.12908496732026145 0.1781045751633987 0.058823529411764705 0.08823529411764706
0 0.477124183006536 0.2246732026143791 0.09803921568627451 0.09967320261437909
0 0.3480392156862745 0.18709150326797386 0.11111111111111112 0.12254901960784315
0 0.3300653594771242 0.0857843137254902 0.09477124183006536 0.09313725490196079
0 0.4305555555555556 0.05310457516339869 0.08660130718954248 0.09967320261437909
