0 0.548202614379085 0.08986928104575163 0.12908496732026145 0.0784313725490196
0 0.6004901960784313 0.029411764705882353 0.08006535947712419 0.05228758169934641
0 0.6576797385620915 0.07924836601307189 0.07026143790849673 0.057189542483660136
0 0.7483660130718954 0.10457516339869281 0.13071895424836602 0.08496732026143791
0 0.6748366013071896 0.18300653594771243 0.12418300653594772 0.10784313725490197
0 0.5686274509803921 0.21405228758169936 0.14379084967320263 0.14379084967320263
0 0.815359477124183 0.18790849673202614 0.11437908496732027 0.12418300653594772
0 0.7483660130718954 0.21568627450980393 0.04575163398692811 0.08823529411764706
0 0.7083333333333334 0.22875816993464054 0.04084967320261438 0.03594771241830066
0 0.7508169934640523 0.28921568627450983 0.05392156862745098 0.05228758169934641
0 0.8676470588235294 0.24754901960784315 0.08496732026143791 0.08986928104575163
0 0.613562091503268 0.36601307189542487 0.12254901960784315 0.13071895424836602
0 0.7908496732026145 0.33905228758169936 0.07189542483660132 0.06372549019607843
0 0.8545751633986929 0.39133986928104575 0.13071895424836602 0.15522875816993464
0 0.934640522875817 0.4158496732026144 0.058823529411764705 0.057189542483660136
0 0.9665032679738562 0.4624183006535948 0.05392156862745098 0.049019607843137254
0 0.7687908496732027 0.4632352941176471 0.09640522875816994 0.16830065359477125
0 0.8880718954248367 0.5098039215686274 0.12254901960784315 0.13398692810457516
0 0.9705882352941176 0.5343137254901961 0.05555555555555556 0.12091503267973856
0 0.9321895424836601 0.5694444444444444 0.04738562091503268 0.06372549019607843
0 0.5841503267973857 0.45996732026143794 0.09967320261437909 0.10294117647058824
0 0.6805555555555556 0.5147058823529412 0.09967320261437909 0.07189542483660132
0 0.8161764705882353 0.5465686274509804 0.04084967320261438 0.03431372549019608
0 0.8586601307189543 0.5866013071895425 0.057189542483660136 0.06209150326797386
0 0.803921568627451 0.6160130718954249 0.06535947712418301 0.07189542483660132
0 0.6331699346405228 0.565359477124183 0.10947712418300654 0.06535947712418301
0 0.7189542483660131 0.6151960784313726 0.09477124183006536 0.07679738562091504
0 0.8741830065359477 0.6625816993464052 0.06209150326797386 0.11274509803921569
0 0.9305555555555556 0.6715686274509804 0.06372549019607843 0.0784313725490196
0 0.9142156862745099 0.7393790849673203 0.04738562091503268 0.07352941176470588
0 0.829248366013072 0.6748366013071896 0.057189542483660136 0.042483660130718956
0 0.8472222222222222 0.7197712418300654 0.07679738562091504 0.06045751633986928
0 0.7132352941176471 0.7075163398692811 0.119281045751634 0.10784313725490197
0 0.7401960784313726 0.7826797385620915 0.0784313725490196 0.058823529411764705
0 0.8349673202614379 0.792483660130719 0.10784313725490197 0.08823529411764706
0 0.6176470588235294 0.6258169934640523 0.04575163398692811 0.05555555555555556
0 0.5490196078431373 0.6176470588235294 0.09803921568627451 0.09477124183006536
0 0.46405228758169936 0.607843137254902 0.06535947712418301 0.08169934640522876
0 0.5400326797385621 0.6821895424836601 0.06045751633986928 0.05065359477124183
0 0.47875816993464054 0.673202614379085 0.058823529411764705 0.05555555555555556
0 0.5580065359477124 0.7230392156862745 0.03104575163398693 0.03104575163398693
0 0.6331699346405228 0.7655228758169935 0.11601307189542484 0.1519607843137255
0 0.4746732026143791 0.7532679738562091 0.09967320261437909 0.10457516339869281
0 0.5130718954248367 0.829248366013072 0.10784313725490197 0.13562091503267976
0 0.5931372549019608 0.8472222222222222 0.07516339869281045 0.06045751633986928
0 0.6339869281045751 0.9150326797385622 0.09150326797385622 0.058823529411764705
0 0.738562091503268 0.8954248366013072 0.11111111111111112 0.08496732026143791
0 0.6928104575163399 0.9264705882352942 0.042483660130718956 0.058823529411764705
0 0.5465686274509804 0.9093137254901961 0.06699346405228758 0.08006535947712419
0 0.5702614379084967 0.9640522875816994 0.12091503267973856 0.058823529411764705
0 0.45669934640522875 0.9558823529411765 0.07026143790849673 0.07189542483660132
0 0.411764705882353 0.8913398692810458 0.10457516339869281 0.13562091503267976
0 0.34885620915032683 0.852124183006536 0.07026143790849673 0.08986928104575163
0 0.40032679738562094 0.7589869281045751 0.042483660130718956 0.05392156862745098
0 0.33986928104575165 0.7475490196078431 0.08823529411764706 0.11274509803921569
0 0.25653594771241833 0.7459150326797386 0.08496732026143791 0.09967320261437909
0 0.15359477124183007 0.7549019607843137 0.10130718954248366 0.09477124183006536
0 0.9354575163398693 0.28758169934640526 0.04411764705882353 0.0784313725490196
0 0.9534313725490197 0.3504901960784314 0.03431372549019608 0.04084967320261438
0 0.14705882352941177 0.8276143790849674 0.049019607843137254 0.057189542483660136
0 0.09068627450980392 0.6683006535947713 0.12908496732026145 0.10457516339869281
0 0.286764705882353 0.6495098039215687 0.07352941176470588 0.06699346405228758
0 0.17238562091503268 0.5955882352941176 0.07679738562091504 0.07026143790849673
0 0.23202614379084968 0.6715686274509804 0.0784313725490196 0.09150326797385622
0 0.19035947712418302 0.6511437908496732 0.07026143790849673 0.10620915032679738
0 0.3619281045751634 0.9648692810457516 0.08986928104575163 0.04084967320261438
0 0.031862745098039214 0.5196078431372549 0.05065359477124183 0.1503267973856209
0 0.03676470588235294 0.3602941176470588 0.04738562091503268 0.06045751633986928
0 0.03104575163398693 0.41830065359477125 0.042483660130718956 0.07189542483660132
0 0.13725490196078433 0.4256535947712418 0.13725490196078433 0.11274509803921569
0 0.2099673202614379 0.5285947712418301 0.07679738562091504 0.09313725490196079
0 0.29248366013071897 0.5318627450980392 0.11437908496732027 0.1715686274509804
0 0.39215686274509803 0.5106209150326797 0.07189542483660132 0.07679738562091504
0 0.47058823529411764 0.47385620915032683 0.12091503267973856 0.09803921568627451
0 0.4950980392156863 0.40522875816993464 0.042483660130718956 0.049019607843137254
0 0.4166666666666667 0.40032679738562094 0.09477124183006536 0.08169934640522876
0 0.3496732026143791 0.44607843137254904 0.042483660130718956 0.05228758169934641
0 0.25163398692810457 0.4019607843137255 0.07516339869281045 0.0784313725490196
0 0.32598039215686275 0.4011437908496732 0.08006535947712419 0.11274509803921569
0 0.4754901960784314 0.3513071895424837 0.08169934640522876 0.0784313725490196
0 0.4795751633986928 0.28431372549019607 0.08333333333333334 0.06209150326797386
0 0.3758169934640523 0.3055555555555556 0.12418300653594772 0.10784313725490197
0 0.4722222222222222 0.22058823529411764 0.09803921568627451 0.09803921568627451
0 0.12745098039215685 0.32026143790849676 0.11764705882352941 0.11437908496732027
0 0.25571895424836605 0.3145424836601307 0.09640522875816994 0.09640522875816994
0 0.29901960784313725 0.2647058823529412 0.0392156862745098 0.05228758169934641
0 0.1854575163398693 0.2426470588235294 0.08660130718954248 0.10947712418300654
0 0.2173202614379085 0.15604575163398693 0.07516339869281045 0.09640522875816994
0 0.125 0.18709150326797386 0.07352941176470588 0.07352941176470588
0 0.3504901960784314 0.1854575163398693 0.10620915032679738 0.11274509803921569
0 0.3292483660130719 0.08741830065359478 0.09967320261437909 0.10294117647058824
0 0.4395424836601307 0.06454248366013073 0.06535947712418301 0.09313725490196079
