0 0.6045751633986929 0.029411764705882353 0.08169934640522876 0.049019607843137254
0 0.5490196078431373 0.09150326797385622 0.12745098039215685 0.08496732026143791
0 0.6617647058823529 0.08169934640522876 0.07189542483660132 0.058823529411764705
0 0.678921568627451 0.18382352941176472 0.13562091503267976 0.11601307189542484
0 0.7483660130718954 0.10866013071895425 0.12745098039215685 0.08006535947712419
0 0.5645424836601307 0.21241830065359477 0.12581699346405228 0.1503267973856209
0 0.4714052287581699 0.21895424836601307 0.09640522875816994 0.09477124183006536
0 0.7516339869281046 0.20751633986928106 0.05228758169934641 0.11437908496732027
0 0.7099673202614379 0.22303921568627452 0.04084967320261438 0.02777777777777778
0 0.8169934640522876 0.18709150326797386 0.10784313725490197 0.1323529411764706
0 0.8660130718954249 0.24918300653594772 0.09150326797385622 0.09313725490196079
0 0.7565359477124183 0.29411764705882354 0.04575163398692811 0.04575163398692811
0 0.4754901960784314 0.2785947712418301 0.08496732026143791 0.06372549019607843
0 0.47794117647058826 0.3496732026143791 0.07679738562091504 0.07516339869281045
0 0.6143790849673203 0.36601307189542487 0.11111111111111112 0.13398692810457516
0 0.7892156862745098 0.3366013071895425 0.0784313725490196 0.06535947712418301
0 0.857843137254902 0.3897058823529412 0.12745098039215685 0.1519607843137255
0 0.9395424836601307 0.41339869281045755 0.049019607843137254 0.06535947712418301
0 0.7630718954248367 0.4616013071895425 0.10130718954248366 0.16830065359477125
0 0.9689542483660131 0.4607843137254902 0.058823529411764705 0.049019607843137254
0 0.5833333333333334 0.45915032679738566 0.09150326797385622 0.09477124183006536
0 0.6764705882352942 0.5179738562091504 0.09150326797385622 0.05228758169934641
0 0.6364379084967321 0.5645424836601307 0.10294117647058824 0.06045751633986928
0 0.7998366013071896 0.5702614379084967 0.04084967320261438 0.04575163398692811
0 0.8880718954248367 0.5130718954248367 0.11601307189542484 0.13071895424836602
0 0.9370915032679739 0.5669934640522876 0.03431372549019608 0.05228758169934641
0 0.9681372549019608 0.542483660130719 0.05065359477124183 0.11764705882352941
0 0.852124183006536 0.5915032679738562 0.05392156862745098 0.06209150326797386
0 0.803921568627451 0.6119281045751634 0.06209150326797386 0.06372549019607843
0 0.7230392156862745 0.619281045751634 0.10620915032679738 0.0784313725490196
0 0.8774509803921569 0.6658496732026143 0.06862745098039216 0.10947712418300654
0 0.8120915032679739 0.6723856209150327 0.029411764705882353 0.04411764705882353
0 0.8439542483660131 0.6797385620915033 0.03104575163398693 0.03594771241830066
0 0.9370915032679739 0.673202614379085 0.04738562091503268 0.06535947712418301
0 0.917483660130719 0.7410130718954249 0.057189542483660136 0.08006535947712419
0 0.8439542483660131 0.7303921568627452 0.07352941176470588 0.06535947712418301
0 0.7091503267973857 0.7058823529411765 0.11111111111111112 0.09477124183006536
0 0.6151960784313726 0.6274509803921569 0.03431372549019608 0.04575163398692811
0 0.5490196078431373 0.6102941176470589 0.10457516339869281 0.08333333333333334
0 0.4616013071895425 0.607843137254902 0.08006535947712419 0.08496732026143791
0 0.8325163398692811 0.7908496732026145 0.10620915032679738 0.08823529411764706
0 0.7434640522875817 0.7794117647058824 0.08496732026143791 0.058823529411764705
0 0.5359477124183006 0.6781045751633987 0.06862745098039216 0.049019607843137254
0 0.44526143790849676 0.6576797385620915 0.03104575163398693 0.05065359477124183
0 0.4795751633986928 0.6748366013071896 0.04411764705882353 0.06535947712418301
0 0.4746732026143791 0.7565359477124183 0.09313725490196079 0.11111111111111112
0 0.6331699346405228 0.7679738562091504 0.12254901960784315 0.14705882352941177
0 0.7459150326797386 0.8970588235294118 0.119281045751634 0.08169934640522876
0 0.5964052287581699 0.8513071895424836 0.0784313725490196 0.05555555555555556
0 0.6315359477124183 0.9101307189542484 0.08660130718954248 0.06862745098039216
0 0.5147058823529412 0.8259803921568628 0.10457516339869281 0.1323529411764706
0 0.5465686274509804 0.9060457516339869 0.07679738562091504 0.08333333333333334
0 0.5727124183006536 0.9624183006535948 0.11601307189542484 0.05555555555555556
0 0.4575163398692811 0.9558823529411765 0.07516339869281045 0.07189542483660132
0 0.3643790849673203 0.9632352941176471 0.07189542483660132 0.057189542483660136
0 0.46895424836601307 0.4746732026143791 0.11764705882352941 0.10294117647058824
0 0.39052287581699346 0.5040849673202614 0.06862745098039216 0.07352941176470588
0 0.41258169934640526 0.8929738562091504 0.10294117647058824 0.12908496732026145
0 0.3504901960784314 0.8513071895424836 0.08006535947712419 0.08169934640522876
0 0.3970588235294118 0.7589869281045751 0.0392156862745098 0.05392156862745098
0 0.3357843137254902 0.7524509803921569 0.09313725490196079 0.11601307189542484
0 0.25571895424836605 0.7508169934640523 0.08006535947712419 0.10620915032679738
0 0.15849673202614378 0.7565359477124183 0.10130718954248366 0.09803921568627451
0 0.14787581699346405 0.8300653594771242 0.06372549019607843 0.06862745098039216
0 0.09395424836601307 0.6691176470588236 0.12254901960784315 0.10294117647058824
0 0.2303921568627451 0.6666666666666667 0.08496732026143791 0.09150326797385622
0 0.1895424836601307 0.6503267973856209 0.06862745098039216 0.11111111111111112
0 0.16666666666666669 0.5972222222222222 0.05228758169934641 0.06372549019607843
0 0.32189542483660133 0.6650326797385621 0.0392156862745098 0.07189542483660132
0 0.2965686274509804 0.6372549019607844 0.05392156862745098 0.0392156862745098
0 0.3006535947712418 0.5326797385620915 0.10457516339869281 0.16993464052287582
0 0.21160130718954248 0.5343137254901961 0.08986928104575163 0.10784313725490197
0 0.09803921568627451 0.542483660130719 0.11111111111111112 0.13071895424836602
0 0.031862745098039214 0.49101307189542487 0.04411764705882353 0.1911764705882353
0 0.1388888888888889 0.4199346405228758 0.13725490196078433 0.11437908496732027
0 0.25245098039215685 0.4068627450980392 0.07352941176470588 0.08169934640522876
0 0.32598039215686275 0.39950980392156865 0.08660130718954248 0.10947712418300654
0 0.4166666666666667 0.4011437908496732 0.09150326797385622 0.07026143790849673
0 0.37826797385620914 0.30228758169934644 0.119281045751634 0.10784313725490197
0 0.2549019607843137 0.31290849673202614 0.08169934640522876 0.09967320261437909
0 0.12908496732026145 0.32189542483660133 0.11111111111111112 0.11111111111111112
0 0.04166666666666667 0.35947712418300654 0.03758169934640523 0.06209150326797386
0 0.18382352941176472 0.24183006535947713 0.08660130718954248 0.10457516339869281
0 0.3055555555555556 0.2704248366013072 0.042483660130718956 0.057189542483660136
0 0.3504901960784314 0.18218954248366015 0.09640522875816994 0.11274509803921569
0 0.21895424836601307 0.15359477124183007 0.08169934640522876 0.09803921568627451
0 0.33251633986928103 0.0857843137254902 0.12254901960784315 0.09967320261437909
0 0.4395424836601307 0.06127450980392157 0.05228758169934641 0.07352941176470588
0 0.28758169934640526 0.15441176470588236 0.0392156862745098 0.05065359477124183
0 0.12745098039215685 0.18627450980392157 0.06535947712418301 0.08169934640522876
