0 0.4991830065359477 0.03022875816993464 0.07026143790849673 0.05065359477124183
0 0.5866013071895425 0.031862745098039214 0.08169934640522876 0.05065359477124183
0 0.5506535947712419 0.0923202614379085 0.14379084967320263 0.10294117647058824
0 0.6568627450980392 0.0727124183006536 0.08496732026143791 0.08660130718954248
0 0.7491830065359477 0.10784313725490197 0.09967320261437909 0.07189542483660132
0 0.6707516339869282 0.1781045751633987 0.12254901960784315 0.11437908496732027
0 0.559640522875817 0.2099673202614379 0.12581699346405228 0.1388888888888889
0 0.696078431372549 0.2508169934640523 0.029411764705882353 0.04084967320261438
0 0.7589869281045751 0.2034313725490196 0.06372549019607843 0.12581699346405228
0 0.8251633986928105 0.1781045751633987 0.0784313725490196 0.10784313725490197
0 0.8619281045751634 0.25326797385620914 0.09640522875816994 0.10784313725490197
0 0.9330065359477124 0.2973856209150327 0.06535947712418301 0.10457516339869281
0 0.7941176470588236 0.3366013071895425 0.09150326797385622 0.08823529411764706
0 0.613562091503268 0.369281045751634 0.12581699346405228 0.13725490196078433
0 0.8553921568627452 0.3970588235294118 0.11601307189542484 0.13071895424836602
0 0.7508169934640523 0.4616013071895425 0.10947712418300654 0.1650326797385621
0 0.5694444444444444 0.45588235294117646 0.07352941176470588 0.06862745098039216
0 0.6094771241830066 0.5179738562091504 0.0784313725490196 0.0784313725490196
0 0.6683006535947713 0.5163398692810458 0.05555555555555556 0.05555555555555556
0 0.7222222222222222 0.6258169934640523 0.12745098039215685 0.10130718954248366
0 0.7957516339869282 0.5686274509803921 0.06209150326797386 0.06862745098039216
0 0.8496732026143791 0.5915032679738562 0.04575163398692811 0.05228758169934641
0 0.8864379084967321 0.5228758169934641 0.12254901960784315 0.14052287581699346
0 0.9681372549019608 0.4616013071895425 0.04738562091503268 0.04738562091503268
0 0.9697712418300654 0.40032679738562094 0.03431372549019608 0.058823529411764705
0 0.9722222222222222 0.5400326797385621 0.05228758169934641 0.12908496732026145
0 0.9370915032679739 0.6380718954248367 0.07026143790849673 0.08986928104575163
0 0.8799019607843137 0.667483660130719 0.04738562091503268 0.11274509803921569
0 0.8186274509803921 0.6568627450980392 0.06209150326797386 0.08823529411764706
0 0.8439542483660131 0.7426470588235294 0.08986928104575163 0.08986928104575163
0 0.9166666666666667 0.738562091503268 0.05555555555555556 0.09150326797385622
0 0.829248366013072 0.803921568627451 0.08986928104575163 0.0784313725490196
0 0.7058823529411765 0.7066993464052288 0.06862745098039216 0.06045751633986928
0 0.6495098039215687 0.6944444444444444 0.04738562091503268 0.042483660130718956
0 0.7491830065359477 0.7728758169934641 0.09967320261437909 0.08169934640522876
0 0.6446078431372549 0.7736928104575164 0.10620915032679738 0.12254901960784315
0 0.7410130718954249 0.8439542483660131 0.07352941176470588 0.06372549019607843
0 0.744281045751634 0.9003267973856209 0.1323529411764706 0.07516339869281045
0 0.6356209150326798 0.9068627450980392 0.08823529411764706 0.08823529411764706
0 0.6070261437908497 0.8496732026143791 0.11274509803921569 0.0784313725490196
0 0.5408496732026143 0.8986928104575164 0.10784313725490197 0.11111111111111112
0 0.43709150326797386 0.9517973856209151 0.09967320261437909 0.07352941176470588
0 0.411764705882353 0.8946078431372549 0.11111111111111112 0.14215686274509803
0 0.3480392156862745 0.8488562091503268 0.08823529411764706 0.09640522875816994
0 0.5212418300653595 0.7998366013071896 0.05555555555555556 0.06372549019607843
0 0.47794117647058826 0.823529411764706 0.04738562091503268 0.0392156862745098
0 0.4820261437908497 0.7508169934640523 0.0784313725490196 0.10620915032679738
0 0.41911764705882354 0.7540849673202614 0.04084967320261438 0.05065359477124183
0 0.5318627450980392 0.6740196078431373 0.08333333333333334 0.08006535947712419
0 0.5588235294117647 0.6070261437908497 0.08823529411764706 0.08006535947712419
0 0.4428104575163399 0.6707516339869282 0.07189542483660132 0.06372549019607843
0 0.4722222222222222 0.5947712418300654 0.10784313725490197 0.11437908496732027
0 0.6397058823529412 0.571078431372549 0.05392156862745098 0.03758169934640523
0 0.33905228758169936 0.7516339869281046 0.10294117647058824 0.11437908496732027
0 0.2549019607843137 0.7475490196078431 0.08169934640522876 0.10294117647058824
0 0.17320261437908496 0.7475490196078431 0.0784313725490196 0.08333333333333334
0 0.11029411764705882 0.7434640522875817 0.04411764705882353 0.06209150326797386
0 0.15441176470588236 0.8341503267973857 0.08986928104575163 0.09967320261437909
0 0.3284313725490196 0.6642156862745098 0.07189542483660132 0.08660130718954248
0 0.2361111111111111 0.6609477124183006 0.09313725490196079 0.10294117647058824
0 0.18872549019607843 0.6486928104575164 0.07026143790849673 0.11764705882352941
0 0.09477124183006536 0.6633986928104575 0.10457516339869281 0.09477124183006536
0 0.057189542483660136 0.6021241830065359 0.07516339869281045 0.06372549019607843
0 0.09885620915032681 0.5359477124183006 0.08660130718954248 0.10457516339869281
0 0.20098039215686275 0.5367647058823529 0.11764705882352941 0.1323529411764706
0 0.3006535947712418 0.5392156862745098 0.09803921568627451 0.1568627450980392
0 0.39215686274509803 0.5065359477124183 0.09803921568627451 0.09803921568627451
0 0.45833333333333337 0.4632352941176471 0.08006535947712419 0.08660130718954248
0 0.022875816993464054 0.47385620915032683 0.03594771241830066 0.13071895424836602
0 0.1323529411764706 0.4158496732026144 0.13725490196078433 0.119281045751634
0 0.23692810457516342 0.41830065359477125 0.0784313725490196 0.07516339869281045
0 0.32516339869281047 0.40522875816993464 0.09803921568627451 0.13071895424836602
0 0.4166666666666667 0.4027777777777778 0.10130718954248366 0.07352941176470588
0 0.47385620915032683 0.34885620915032683 0.08823529411764706 0.10620915032679738
0 0.4632352941176471 0.28022875816993464 0.04411764705882353 0.03758169934640523
0 0.3790849673202614 0.309640522875817 0.10457516339869281 0.10294117647058824
0 0.2573529411764706 0.31209150326797386 0.06699346405228758 0.07516339869281045
0 0.17320261437908496 0.34558823529411764 0.05228758169934641 0.06699346405228758
0 0.11111111111111112 0.3300653594771242 0.07516339869281045 0.08169934640522876
0 0.040032679738562095 0.35947712418300654 0.05392156862745098 0.07516339869281045
0 0.1772875816993464 0.24101307189542484 0.10947712418300654 0.12254901960784315
0 0.30637254901960786 0.2622549019607843 0.07026143790849673 0.08006535947712419
0 0.4607843137254902 0.22058823529411764 0.09150326797385622 0.10784313725490197
0 0.3513071895424837 0.17565359477124184 0.08169934640522876 0.08986928104575163
0 0.21486928104575165 0.1568627450980392 0.05392156862745098 0.07189542483660132
0 0.27369281045751637 0.16584967320261437 0.08006535947712419 0.11274509803921569
0 0.4305555555555556 0.10784313725490197 0.08006535947712419 0.12091503267973856
0 0.32516339869281047 0.08333333333333334 0.12091503267973856 0.09477124183006536
0 0.125 0.18300653594771243 0.06699346405228758 0.06535947712418301
