0 0.5433006535947713 0.049019607843137254 0.12254901960784315 0.08823529411764706
0 0.6184640522875817 0.08088235294117647 0.08986928104575163 0.07352941176470588
0 0.5915032679738562 0.1388888888888889 0.058823529411764705 0.09477124183006536
0 0.6658496732026143 0.1388888888888889 0.06045751633986928 0.08169934640522876
0 0.7410130718954249 0.0857843137254902 0.119281045751634 0.07352941176470588
0 0.8006535947712419 0.16911764705882354 0.11437908496732027 0.14215686274509803
0 0.6127450980392157 0.238562091503268 0.07189542483660132 0.06862745098039216
0 0.7450980392156863 0.3055555555555556 0.09150326797385622 0.1568627450980392
0 0.8839869281045752 0.20833333333333334 0.06535947712418301 0.07352941176470588
0 0.9125816993464052 0.2728758169934641 0.08333333333333334 0.04575163398692811
0 0.9321895424836601 0.3374183006535948 0.07026143790849673 0.09313725490196079
0 0.8496732026143791 0.38562091503267976 0.10130718954248366 0.12745098039215685
0 0.6691176470588236 0.3937908496732026 0.11274509803921569 0.12418300653594772
0 0.7883986928104575 0.4436274509803922 0.07679738562091504 0.10947712418300654
0 0.9387254901960784 0.4158496732026144 0.09640522875816994 0.07352941176470588
0 0.9787581699346406 0.4673202614379085 0.032679738562091505 0.0392156862745098
0 0.5923202614379085 0.45915032679738566 0.08660130718954248 0.10784313725490197
0 0.6870915032679739 0.5073529411764706 0.13562091503267976 0.07679738562091504
0 0.8218954248366014 0.5383986928104575 0.12745098039215685 0.10620915032679738
0 0.7377450980392157 0.5473856209150327 0.04084967320261438 0.042483660130718956
0 0.9272875816993464 0.5637254901960784 0.06699346405228758 0.06209150326797386
0 0.9746732026143791 0.5326797385620915 0.04411764705882353 0.10130718954248366
0 0.6315359477124183 0.565359477124183 0.1519607843137255 0.08169934640522876
0 0.7949346405228759 0.625 0.12908496732026145 0.10947712418300654
0 0.923202614379085 0.6723856209150327 0.09803921568627451 0.1323529411764706
0 0.5294117647058824 0.6339869281045751 0.09803921568627451 0.10457516339869281
0 0.6282679738562091 0.6437908496732027 0.10294117647058824 0.10130718954248366
0 0.7238562091503268 0.7107843137254902 0.15359477124183007 0.14379084967320263
0 0.8349673202614379 0.7001633986928105 0.08823529411764706 0.07679738562091504
0 0.8594771241830066 0.7794117647058824 0.09803921568627451 0.09803921568627451
0 0.7704248366013072 0.8055555555555556 0.09640522875816994 0.10457516339869281
0 0.8267973856209151 0.8570261437908497 0.06535947712418301 0.057189542483660136
0 0.5147058823529412 0.690359477124183 0.11437908496732027 0.07352941176470588
0 0.5727124183006536 0.7336601307189543 0.04411764705882353 0.06209150326797386
0 0.6241830065359477 0.7598039215686275 0.07516339869281045 0.11764705882352941
0 0.5310457516339869 0.7663398692810458 0.13725490196078433 0.09150326797385622
0 0.6797385620915033 0.8031045751633987 0.058823529411764705 0.05392156862745098
0 0.5285947712418301 0.8570261437908497 0.06699346405228758 0.057189542483660136
0 0.5964052287581699 0.8913398692810458 0.08823529411764706 0.1323529411764706
0 0.6723856209150327 0.9272875816993464 0.09967320261437909 0.09640522875816994
0 0.5465686274509804 0.9468954248366014 0.07026143790849673 0.08986928104575163
0 0.47303921568627455 0.9714052287581699 0.119281045751634 0.04084967320261438
0 0.5947712418300654 0.9746732026143791 0.032679738562091505 0.03431372549019608
0 0.37254901960784315 0.9436274509803921 0.06535947712418301 0.07026143790849673
0 0.4223856209150327 0.8815359477124183 0.08006535947712419 0.08660130718954248
0 0.3709150326797386 0.8186274509803921 0.12091503267973856 0.13071895424836602
0 0.2630718954248366 0.8341503267973857 0.08823529411764706 0.09967320261437909
0 0.26143790849673204 0.75 0.06862745098039216 0.0784313725490196
0 0.16830065359477125 0.8055555555555556 0.06209150326797386 0.06209150326797386
0 0.12336601307189543 0.7589869281045751 0.06045751633986928 0.07679738562091504
0 0.18627450980392157 0.7189542483660131 0.08169934640522876 0.07516339869281045
0 0.37990196078431376 0.7401960784313726 0.06045751633986928 0.05228758169934641
0 0.3513071895424837 0.6936274509803921 0.10457516339869281 0.10947712418300654
0 0.24918300653594772 0.6503267973856209 0.15849673202614378 0.08496732026143791
0 0.10375816993464053 0.6813725490196079 0.12908496732026145 0.10457516339869281
0 0.05392156862745098 0.630718954248366 0.06862745098039216 0.09150326797385622
0 0.18627450980392157 0.5866013071895425 0.09803921568627451 0.10784313725490197
0 0.09395424836601307 0.5514705882352942 0.1454248366013072 0.11274509803921569
0 0.04166666666666667 0.4950980392156863 0.057189542483660136 0.04575163398692811
0 0.27369281045751637 0.5212418300653595 0.07352941176470588 0.11437908496732027
0 0.3684640522875817 0.4616013071895425 0.13562091503267976 0.15522875816993464
0 0.49101307189542487 0.4795751633986928 0.07026143790849673 0.07352941176470588
0 0.19526143790849673 0.4795751633986928 0.08986928104575163 0.10620915032679738
0 0.12336601307189543 0.4354575163398693 0.10294117647058824 0.08006535947712419
0 0.04330065359477124 0.4084967320261438 0.07679738562091504 0.12091503267973856
0 0.07598039215686275 0.3472222222222222 0.06045751633986928 0.06699346405228758
0 0.17320261437908496 0.3684640522875817 0.0392156862745098 0.04084967320261438
0 0.2450980392156863 0.41258169934640526 0.12091503267973856 0.08333333333333334
0 0.2589869281045752 0.31699346405228757 0.12908496732026145 0.10457516339869281
0 0.14215686274509803 0.30228758169934644 0.10130718954248366 0.09477124183006536
0 0.37254901960784315 0.29248366013071897 0.09803921568627451 0.10457516339869281
0 0.4485294117647059 0.3300653594771242 0.09640522875816994 0.09150326797385622
0 0.46895424836601307 0.2834967320261438 0.049019607843137254 0.05065359477124183
0 0.5245098039215687 0.38562091503267976 0.13071895424836602 0.08823529411764706
0 0.5187908496732027 0.27369281045751637 0.04411764705882353 0.03104575163398693
0 0.5016339869281046 0.22222222222222224 0.06209150326797386 0.07189542483660132
0 0.4158496732026144 0.21486928104575165 0.12254901960784315 0.08660130718954248
0 0.3415032679738562 0.18300653594771243 0.09150326797385622 0.10457516339869281
0 0.21650326797385622 0.16748366013071897 0.07026143790849673 0.07679738562091504
0 0.1593137254901961 0.14950980392156862 0.057189542483660136 0.05392156862745098
0 0.2173202614379085 0.10049019607843138 0.06535947712418301 0.04738562091503268
0 0.30800653594771243 0.06209150326797386 0.07679738562091504 0.058823529411764705
0 0.411764705882353 0.059640522875817 0.12091503267973856 0.11274509803921569
0 0.4950980392156863 0.13562091503267976 0.11764705882352941 0.10457516339869281
