0 0.5408496732026143 0.04738562091503268 0.12745098039215685 0.09477124183006536
0 0.6217320261437909 0.07598039215686275 0.08660130718954248 0.06045751633986928
0 0.5947712418300654 0.14215686274509803 0.06535947712418301 0.10784313725490197
0 0.6683006535947713 0.14705882352941177 0.07516339869281045 0.10457516339869281
0 0.7426470588235294 0.08905228758169935 0.11601307189542484 0.06699346405228758
0 0.8006535947712419 0.17401960784313725 0.10784313725490197 0.12581699346405228
0 0.8856209150326798 0.20098039215686275 0.07516339869281045 0.08169934640522876
0 0.6127450980392157 0.23366013071895425 0.07189542483660132 0.07189542483660132
0 0.7475490196078431 0.30718954248366015 0.08660130718954248 0.15359477124183007
0 0.9117647058823529 0.26552287581699346 0.06862745098039216 0.04411764705882353
0 0.9321895424836601 0.3357843137254902 0.07679738562091504 0.09640522875816994
0 0.8553921568627452 0.3872549019607843 0.09640522875816994 0.12745098039215685
0 0.6715686274509804 0.39133986928104575 0.11764705882352941 0.12908496732026145
0 0.7892156862745098 0.4485294117647059 0.07189542483660132 0.09640522875816994
0 0.9362745098039216 0.4109477124183007 0.10784313725490197 0.07679738562091504
0 0.5947712418300654 0.45915032679738566 0.0784313725490196 0.10457516339869281
0 0.6895424836601307 0.5065359477124183 0.14052287581699346 0.08169934640522876
0 0.9338235294117647 0.5098039215686274 0.06045751633986928 0.07516339869281045
0 0.9787581699346406 0.5326797385620915 0.03594771241830066 0.09477124183006536
0 0.8259803921568628 0.5392156862745098 0.13562091503267976 0.11437908496732027
0 0.9240196078431373 0.5669934640522876 0.06045751633986928 0.05228758169934641
0 0.7377450980392157 0.5555555555555556 0.05392156862745098 0.05555555555555556
0 0.9624183006535948 0.6013071895424836 0.049019607843137254 0.06535947712418301
0 0.6299019607843137 0.5620915032679739 0.1519607843137255 0.0784313725490196
0 0.7941176470588236 0.6266339869281046 0.13398692810457516 0.09967320261437909
0 0.9191176470588236 0.673202614379085 0.10294117647058824 0.14052287581699346
0 0.5269607843137255 0.6323529411764706 0.09313725490196079 0.10130718954248366
0 0.6266339869281046 0.6454248366013072 0.119281045751634 0.11111111111111112
0 0.7254901960784313 0.7099673202614379 0.14705882352941177 0.14215686274509803
0 0.8382352941176471 0.7009803921568628 0.09150326797385622 0.0784313725490196
0 0.8643790849673203 0.7753267973856209 0.09477124183006536 0.08660130718954248
0 0.7728758169934641 0.8047385620915033 0.10457516339869281 0.11274509803921569
0 0.8243464052287582 0.857843137254902 0.07352941176470588 0.06862745098039216
0 0.5163398692810458 0.690359477124183 0.11437908496732027 0.07679738562091504
0 0.571078431372549 0.7344771241830066 0.04738562091503268 0.05065359477124183
0 0.6225490196078431 0.7630718954248367 0.0784313725490196 0.10130718954248366
0 0.6830065359477124 0.8047385620915033 0.05555555555555556 0.057189542483660136
0 0.7728758169934641 0.8978758169934641 0.049019607843137254 0.03431372549019608
0 0.5310457516339869 0.7696078431372549 0.14052287581699346 0.08823529411764706
0 0.5947712418300654 0.8970588235294118 0.08496732026143791 0.13071895424836602
0 0.6740196078431373 0.9297385620915033 0.09967320261437909 0.09803921568627451
0 0.5318627450980392 0.8553921568627452 0.04411764705882353 0.04738562091503268
0 0.5506535947712419 0.9477124183006537 0.08823529411764706 0.08823529411764706
0 0.4714052287581699 0.9730392156862745 0.10620915032679738 0.05065359477124183
0 0.37745098039215685 0.9477124183006537 0.07189542483660132 0.08169934640522876
0 0.42320261437908496 0.8815359477124183 0.07189542483660132 0.08006535947712419
0 0.2647058823529412 0.8316993464052288 0.10130718954248366 0.10784313725490197
0 0.37173202614379086 0.8186274509803921 0.11601307189542484 0.12418300653594772
0 0.38643790849673204 0.7401960784313726 0.05392156862745098 0.05555555555555556
0 0.16584967320261437 0.8022875816993464 0.07352941176470588 0.06535947712418301
0 0.12091503267973856 0.7606209150326798 0.058823529411764705 0.06045751633986928
0 0.18790849673202614 0.7238562091503268 0.08496732026143791 0.08823529411764706
0 0.26552287581699346 0.7459150326797386 0.06372549019607843 0.07026143790849673
0 0.34477124183006536 0.6944444444444444 0.11111111111111112 0.11111111111111112
0 0.24673202614379086 0.6519607843137255 0.1568627450980392 0.08169934640522876
0 0.1053921568627451 0.6862745098039216 0.1323529411764706 0.10457516339869281
0 0.05065359477124183 0.6323529411764706 0.07189542483660132 0.08496732026143791
0 0.18872549019607843 0.5890522875816994 0.09640522875816994 0.10947712418300654
0 0.31290849673202614 0.5996732026143791 0.04738562091503268 0.04575163398692811
0 0.10294117647058824 0.5580065359477124 0.15359477124183007 0.12254901960784315
0 0.04084967320261438 0.494281045751634 0.06862745098039216 0.057189542483660136
0 0.2761437908496732 0.5171568627450981 0.06862745098039216 0.10947712418300654
0 0.20016339869281047 0.477124183006536 0.09313725490196079 0.10784313725490197
0 0.12826797385620917 0.43300653594771243 0.09640522875816994 0.06535947712418301
0 0.37663398692810457 0.46486928104575165 0.1454248366013072 0.1650326797385621
0 0.04493464052287582 0.4109477124183007 0.07679738562091504 0.10947712418300654
0 0.494281045751634 0.4754901960784314 0.05065359477124183 0.06535947712418301
0 0.24836601307189543 0.4158496732026144 0.11764705882352941 0.08660130718954248
0 0.17238562091503268 0.3651960784313726 0.05065359477124183 0.03758169934640523
0 0.07434640522875817 0.3472222222222222 0.06045751633986928 0.07352941176470588
0 0.25326797385620914 0.31699346405228757 0.12091503267973856 0.10130718954248366
0 0.14460784313725492 0.3006535947712418 0.09967320261437909 0.08823529411764706
0 0.11846405228758171 0.3962418300653595 0.04411764705882353 0.03104575163398693
0 0.35294117647058826 0.3602941176470588 0.06862745098039216 0.04084967320261438
0 0.5277777777777778 0.3872549019607843 0.13071895424836602 0.10130718954248366
0 0.4493464052287582 0.32516339869281047 0.10784313725490197 0.10457516339869281
0 0.37173202614379086 0.2957516339869281 0.09640522875816994 0.10130718954248366
0 0.07761437908496732 0.25653594771241833 0.03758169934640523 0.049019607843137254
0 0.41748366013071897 0.21241830065359477 0.12908496732026145 0.09803921568627451
0 0.5228758169934641 0.2769607843137255 0.06535947712418301 0.057189542483660136
0 0.3431372549019608 0.18300653594771243 0.09150326797385622 0.08823529411764706
0 0.4722222222222222 0.27941176470588236 0.0392156862745098 0.04575163398692811
0 0.21650326797385622 0.16748366013071897 0.06699346405228758 0.07352941176470588
0 0.16094771241830066 0.14787581699346405 0.057189542483660136 0.04738562091503268
0 0.22058823529411764 0.10457516339869281 0.06862745098039216 0.05228758169934641
0 0.5073529411764706 0.22549019607843138 0.057189542483660136 0.06862745098039216
0 0.5 0.14215686274509803 0.13071895424836602 0.10784313725490197
0 0.30800653594771243 0.06290849673202614 0.08333333333333334 0.07679738562091504
0 0.41339869281045755 0.06454248366013073 0.12745098039215685 0.119281045751634
