0 0.4950980392156863 0.021241830065359478 0.07189542483660132 0.042483660130718956
0 0.5988562091503268 0.032679738562091505 0.08660130718954248 0.042483660130718956
0 0.5498366013071896 0.08905228758169935 0.13562091503267976 0.09967320261437909
0 0.5604575163398693 0.2107843137254902 0.13071895424836602 0.15359477124183007
0 0.6707516339869282 0.184640522875817 0.12254901960784315 0.12418300653594772
0 0.6576797385620915 0.07924836601307189 0.08333333333333334 0.07026143790849673
0 0.7491830065359477 0.10702614379084968 0.10947712418300654 0.08006535947712419
0 0.7573529411764706 0.20179738562091504 0.06699346405228758 0.1323529411764706
0 0.8243464052287582 0.1895424836601307 0.08660130718954248 0.12745098039215685
0 0.8660130718954249 0.25163398692810457 0.09477124183006536 0.10457516339869281
0 0.7908496732026145 0.3374183006535948 0.08496732026143791 0.07679738562091504
0 0.6127450980392157 0.36683006535947715 0.12745098039215685 0.13562091503267976
0 0.9330065359477124 0.2900326797385621 0.05555555555555556 0.09967320261437909
0 0.8553921568627452 0.3970588235294118 0.119281045751634 0.14052287581699346
0 0.7532679738562091 0.4616013071895425 0.10457516339869281 0.1650326797385621
0 0.5767973856209151 0.45588235294117646 0.0784313725490196 0.0784313725490196
0 0.6764705882352942 0.5155228758169935 0.08169934640522876 0.05392156862745098
0 0.6094771241830066 0.5179738562091504 0.06209150326797386 0.05228758169934641
0 0.6364379084967321 0.5718954248366013 0.07026143790849673 0.042483660130718956
0 0.8880718954248367 0.5171568627450981 0.12254901960784315 0.14215686274509803
0 0.7965686274509804 0.5669934640522876 0.06045751633986928 0.06209150326797386
0 0.8537581699346406 0.5915032679738562 0.04738562091503268 0.05555555555555556
0 0.8308823529411765 0.6282679738562091 0.03758169934640523 0.03431372549019608
0 0.9444444444444444 0.6397058823529412 0.07516339869281045 0.07352941176470588
0 0.9705882352941176 0.542483660130719 0.05555555555555556 0.12091503267973856
0 0.9681372549019608 0.45996732026143794 0.05065359477124183 0.04084967320261438
0 0.880718954248366 0.6715686274509804 0.05555555555555556 0.10784313725490197
0 0.8120915032679739 0.6650326797385621 0.049019607843137254 0.06862745098039216
0 0.7230392156862745 0.6225490196078431 0.12254901960784315 0.09803921568627451
0 0.8431372549019608 0.7426470588235294 0.08496732026143791 0.08660130718954248
0 0.9166666666666667 0.7401960784313726 0.05228758169934641 0.09150326797385622
0 0.8308823529411765 0.7973856209150327 0.09967320261437909 0.08169934640522876
0 0.7058823529411765 0.7050653594771242 0.09150326797385622 0.07679738562091504
0 0.7434640522875817 0.7745098039215687 0.09150326797385622 0.07516339869281045
0 0.7434640522875817 0.8398692810457516 0.05555555555555556 0.058823529411764705
0 0.6380718954248367 0.7712418300653595 0.11601307189542484 0.13725490196078433
0 0.738562091503268 0.8978758169934641 0.12091503267973856 0.08006535947712419
0 0.6356209150326798 0.9101307189542484 0.09803921568627451 0.08169934640522876
0 0.5392156862745098 0.8970588235294118 0.10457516339869281 0.10130718954248366
0 0.5669934640522876 0.9632352941176471 0.10130718954248366 0.057189542483660136
0 0.5171568627450981 0.8055555555555556 0.07679738562091504 0.07516339869281045
0 0.41013071895424835 0.8978758169934641 0.11437908496732027 0.1454248366013072
0 0.4436274509803922 0.9493464052287582 0.11274509803921569 0.07189542483660132
0 0.47875816993464054 0.7524509803921569 0.09150326797385622 0.10947712418300654
0 0.5326797385620915 0.6756535947712419 0.08169934640522876 0.07352941176470588
0 0.47794117647058826 0.6772875816993464 0.03431372549019608 0.03431372549019608
0 0.4428104575163399 0.6691176470588236 0.058823529411764705 0.06045751633986928
0 0.4754901960784314 0.5980392156862745 0.11437908496732027 0.09803921568627451
0 0.39869281045751637 0.7622549019607844 0.0392156862745098 0.03758169934640523
0 0.34885620915032683 0.852124183006536 0.08660130718954248 0.09967320261437909
0 0.3415032679738562 0.7508169934640523 0.09803921568627451 0.11274509803921569
0 0.25326797385620914 0.7459150326797386 0.08496732026143791 0.10294117647058824
0 0.3243464052287582 0.6625816993464052 0.06045751633986928 0.08660130718954248
0 0.3937908496732026 0.5081699346405228 0.09150326797385622 0.09150326797385622
0 0.45915032679738566 0.46405228758169936 0.09150326797385622 0.08823529411764706
0 0.4158496732026144 0.40032679738562094 0.09640522875816994 0.0784313725490196
0 0.4714052287581699 0.34885620915032683 0.08660130718954248 0.09313725490196079
0 0.15441176470588236 0.8284313725490197 0.08333333333333334 0.09150326797385622
0 0.16830065359477125 0.7516339869281046 0.08823529411764706 0.09150326797385622
0 0.1119281045751634 0.7401960784313726 0.03104575163398693 0.049019607843137254
0 0.09558823529411765 0.6642156862745098 0.10947712418300654 0.10294117647058824
0 0.18709150326797386 0.6478758169934641 0.07352941176470588 0.11601307189542484
0 0.23692810457516342 0.6609477124183006 0.09150326797385622 0.09640522875816994
0 0.29820261437908496 0.5351307189542484 0.10294117647058824 0.1650326797385621
0 0.20098039215686275 0.5334967320261438 0.10784313725490197 0.12254901960784315
0 0.3227124183006536 0.4011437908496732 0.09313725490196079 0.12254901960784315
0 0.3831699346405229 0.3088235294117647 0.11274509803921569 0.10130718954248366
0 0.058823529411764705 0.5996732026143791 0.04575163398692811 0.029411764705882353
0 0.09722222222222222 0.5375816993464052 0.09967320261437909 0.11437908496732027
0 0.02696078431372549 0.488562091503268 0.05392156862745098 0.14379084967320263
0 0.23366013071895425 0.41830065359477125 0.05228758169934641 0.06209150326797386
0 0.13562091503267976 0.4199346405228758 0.14052287581699346 0.11764705882352941
0 0.0392156862745098 0.35947712418300654 0.049019607843137254 0.07516339869281045
0 0.11764705882352941 0.32516339869281047 0.09150326797385622 0.09150326797385622
0 0.17892156862745098 0.35294117647058826 0.03431372549019608 0.042483660130718956
0 0.25245098039215685 0.31209150326797386 0.07679738562091504 0.08823529411764706
0 0.47794117647058826 0.28022875816993464 0.07352941176470588 0.04738562091503268
0 0.4624183006535948 0.22222222222222224 0.09477124183006536 0.10457516339869281
0 0.30637254901960786 0.25980392156862747 0.05392156862745098 0.07516339869281045
0 0.3504901960784314 0.17892156862745098 0.08986928104575163 0.10294117647058824
0 0.18055555555555555 0.244281045751634 0.10294117647058824 0.119281045751634
0 0.21241830065359477 0.1568627450980392 0.06862745098039216 0.08496732026143791
0 0.2761437908496732 0.16094771241830066 0.06862745098039216 0.09640522875816994
0 0.4354575163398693 0.08823529411764706 0.05392156862745098 0.09477124183006536
0 0.32598039215686275 0.08741830065359478 0.12908496732026145 0.09640522875816994
0 0.5522875816993464 0.613562091503268 0.09477124183006536 0.09640522875816994
