0 0.49754901960784315 0.02696078431372549 0.07352941176470588 0.05392156862745098
0 0.5964052287581699 0.03022875816993464 0.09150326797385622 0.04738562091503268
0 0.5531045751633987 0.09313725490196079 0.1454248366013072 0.10130718954248366
0 0.6576797385620915 0.0784313725490196 0.08660130718954248 0.0784313725490196
0 0.7516339869281046 0.10702614379084968 0.11111111111111112 0.08333333333333334
0 0.6715686274509804 0.17973856209150327 0.12418300653594772 0.12418300653594772
0 0.559640522875817 0.20915032679738563 0.12908496732026145 0.1503267973856209
0 0.4624183006535948 0.22222222222222224 0.08823529411764706 0.09477124183006536
0 0.4746732026143791 0.2818627450980392 0.06372549019607843 0.04738562091503268
0 0.7565359477124183 0.2058823529411765 0.06535947712418301 0.12745098039215685
0 0.8259803921568628 0.18627450980392157 0.08986928104575163 0.11764705882352941
0 0.8660130718954249 0.25245098039215685 0.09803921568627451 0.10620915032679738
0 0.7916666666666667 0.3382352941176471 0.08986928104575163 0.0784313725490196
0 0.6143790849673203 0.369281045751634 0.12091503267973856 0.14052287581699346
0 0.573529411764706 0.4550653594771242 0.07189542483660132 0.08333333333333334
0 0.6086601307189543 0.5171568627450981 0.07026143790849673 0.06699346405228758
0 0.6699346405228759 0.5204248366013072 0.06862745098039216 0.057189542483660136
0 0.7516339869281046 0.45996732026143794 0.11111111111111112 0.1650326797385621
0 0.8570261437908497 0.3962418300653595 0.11601307189542484 0.1388888888888889
0 0.9330065359477124 0.2965686274509804 0.058823529411764705 0.10294117647058824
0 0.9673202614379085 0.45996732026143794 0.05228758169934641 0.04411764705882353
0 0.8872549019607844 0.5196078431372549 0.12418300653594772 0.14052287581699346
0 0.9697712418300654 0.5457516339869282 0.05392156862745098 0.12418300653594772
0 0.7973856209150327 0.565359477124183 0.058823529411764705 0.06862745098039216
0 0.8553921568627452 0.5931372549019608 0.057189542483660136 0.05555555555555556
0 0.9395424836601307 0.638888888888889 0.06862745098039216 0.0784313725490196
0 0.880718954248366 0.6658496732026143 0.05555555555555556 0.10947712418300654
0 0.8194444444444444 0.6568627450980392 0.06372549019607843 0.08496732026143791
0 0.7279411764705882 0.6258169934640523 0.12581699346405228 0.10130718954248366
0 0.8423202614379085 0.7450980392156863 0.08986928104575163 0.08823529411764706
0 0.6413398692810458 0.5727124183006536 0.057189542483660136 0.04084967320261438
0 0.7050653594771242 0.7050653594771242 0.08006535947712419 0.07026143790849673
0 0.9191176470588236 0.7410130718954249 0.06045751633986928 0.08986928104575163
0 0.7475490196078431 0.7745098039215687 0.09313725490196079 0.0784313725490196
0 0.7426470588235294 0.8439542483660131 0.06045751633986928 0.06045751633986928
0 0.8316993464052288 0.8014705882352942 0.09477124183006536 0.08006535947712419
0 0.6437908496732027 0.7777777777777778 0.12091503267973856 0.12745098039215685
0 0.6013071895424836 0.8496732026143791 0.10784313725490197 0.08496732026143791
0 0.6486928104575164 0.6968954248366013 0.03594771241830066 0.03431372549019608
0 0.5678104575163399 0.7687908496732027 0.04411764705882353 0.06045751633986928
0 0.7393790849673203 0.9019607843137255 0.119281045751634 0.0784313725490196
0 0.6356209150326798 0.9084967320261438 0.09150326797385622 0.08823529411764706
0 0.5408496732026143 0.9003267973856209 0.10457516339869281 0.10457516339869281
0 0.5661764705882353 0.9689542483660131 0.09313725490196079 0.05228758169934641
0 0.4436274509803922 0.9509803921568628 0.10294117647058824 0.07516339869281045
0 0.4109477124183007 0.8954248366013072 0.10947712418300654 0.14705882352941177
0 0.3504901960784314 0.8504901960784313 0.08986928104575163 0.10294117647058824
0 0.5261437908496732 0.8063725490196079 0.058823529411764705 0.06045751633986928
0 0.48366013071895425 0.8218954248366014 0.0392156862745098 0.03594771241830066
0 0.4795751633986928 0.755718954248366 0.08986928104575163 0.10947712418300654
0 0.41339869281045755 0.7573529411764706 0.042483660130718956 0.04084967320261438
0 0.4419934640522876 0.6707516339869282 0.06372549019607843 0.057189542483660136
0 0.5359477124183006 0.6772875816993464 0.08823529411764706 0.07679738562091504
0 0.5547385620915033 0.607843137254902 0.08660130718954248 0.08496732026143791
0 0.4681372549019608 0.5996732026143791 0.10620915032679738 0.10784313725490197
0 0.45915032679738566 0.4624183006535948 0.09477124183006536 0.09150326797385622
0 0.41421568627450983 0.4019607843137255 0.08986928104575163 0.07189542483660132
0 0.4714052287581699 0.34885620915032683 0.08660130718954248 0.09640522875816994
0 0.3790849673202614 0.3104575163398693 0.10457516339869281 0.10457516339869281
0 0.33905228758169936 0.7516339869281046 0.09640522875816994 0.11111111111111112
0 0.2581699346405229 0.7483660130718954 0.08496732026143791 0.10457516339869281
0 0.1527777777777778 0.8284313725490197 0.08006535947712419 0.09150326797385622
0 0.16911764705882354 0.75 0.08660130718954248 0.08496732026143791
0 0.11111111111111112 0.738562091503268 0.049019607843137254 0.05555555555555556
0 0.32679738562091504 0.6609477124183006 0.06535947712418301 0.08660130718954248
0 0.2361111111111111 0.6633986928104575 0.09313725490196079 0.09803921568627451
0 0.18872549019607843 0.6511437908496732 0.07679738562091504 0.11601307189542484
0 0.09477124183006536 0.6642156862745098 0.10784313725490197 0.08986928104575163
0 0.06127450980392157 0.6037581699346405 0.06699346405228758 0.04084967320261438
0 0.09885620915032681 0.5400326797385621 0.09640522875816994 0.10620915032679738
0 0.2058823529411765 0.5367647058823529 0.11764705882352941 0.12254901960784315
0 0.3055555555555556 0.5367647058823529 0.10457516339869281 0.1650326797385621
0 0.3627450980392157 0.5563725490196079 0.029411764705882353 0.02777777777777778
0 0.3970588235294118 0.5073529411764706 0.09477124183006536 0.10294117647058824
0 0.32516339869281047 0.4035947712418301 0.09477124183006536 0.13071895424836602
0 0.238562091503268 0.4158496732026144 0.06862745098039216 0.07026143790849673
0 0.13480392156862744 0.4166666666666667 0.1388888888888889 0.11111111111111112
0 0.02696078431372549 0.47794117647058826 0.04084967320261438 0.12908496732026145
0 0.17565359477124184 0.3480392156862745 0.03758169934640523 0.06535947712418301
0 0.11683006535947713 0.3276143790849673 0.08986928104575163 0.08006535947712419
0 0.2581699346405229 0.3137254901960784 0.07189542483660132 0.0784313725490196
0 0.17973856209150327 0.2450980392156863 0.11437908496732027 0.11764705882352941
0 0.30637254901960786 0.2630718954248366 0.06372549019607843 0.0784313725490196
0 0.21650326797385622 0.16094771241830066 0.06045751633986928 0.07679738562091504
0 0.2728758169934641 0.16584967320261437 0.07516339869281045 0.10947712418300654
0 0.03839869281045752 0.36356209150326796 0.05065359477124183 0.08006535947712419
0 0.428921568627451 0.1053921568627451 0.06699346405228758 0.11601307189542484
0 0.3496732026143791 0.1772875816993464 0.09150326797385622 0.09967320261437909
0 0.3276143790849673 0.08006535947712419 0.12254901960784315 0.09803921568627451
0 0.12336601307189543 0.18709150326797386 0.057189542483660136 0.07352941176470588
