0 0.5032679738562091 0.028594771241830068 0.07516339869281045 0.057189542483660136
0 0.579248366013072 0.03104575163398693 0.057189542483660136 0.049019607843137254
0 0.5514705882352942 0.09558823529411765 0.14215686274509803 0.10294117647058824
0 0.6535947712418301 0.07026143790849673 0.08823529411764706 0.10457516339869281
0 0.75 0.10702614379084968 0.10130718954248366 0.07352941176470588
0 0.667483660130719 0.18055555555555555 0.119281045751634 0.119281045751634
0 0.5604575163398693 0.20751633986928106 0.12745098039215685 0.14379084967320263
0 0.7017973856209151 0.25 0.06045751633986928 0.06862745098039216
0 0.763888888888889 0.2034313725490196 0.07352941176470588 0.12908496732026145
0 0.8267973856209151 0.16830065359477125 0.06862745098039216 0.09150326797385622
0 0.8660130718954249 0.25571895424836605 0.09803921568627451 0.11274509803921569
0 0.792483660130719 0.3366013071895425 0.10130718954248366 0.09477124183006536
0 0.6143790849673203 0.3684640522875817 0.12745098039215685 0.1454248366013072
0 0.5669934640522876 0.4550653594771242 0.058823529411764705 0.057189542483660136
0 0.9338235294117647 0.2973856209150327 0.057189542483660136 0.11764705882352941
0 0.852124183006536 0.3970588235294118 0.10620915032679738 0.12091503267973856
0 0.9330065359477124 0.42483660130718953 0.058823529411764705 0.08496732026143791
0 0.744281045751634 0.45833333333333337 0.10947712418300654 0.16176470588235295
0 0.6151960784313726 0.5269607843137255 0.10620915032679738 0.09640522875816994
0 0.6601307189542484 0.5155228758169935 0.032679738562091505 0.03758169934640523
0 0.8880718954248367 0.5261437908496732 0.12581699346405228 0.14379084967320263
0 0.9681372549019608 0.5408496732026143 0.04738562091503268 0.12091503267973856
0 0.8529411764705883 0.5931372549019608 0.0392156862745098 0.06209150326797386
0 0.8014705882352942 0.5645424836601307 0.06699346405228758 0.07352941176470588
0 0.7271241830065359 0.6274509803921569 0.12745098039215685 0.11111111111111112
0 0.8202614379084967 0.6511437908496732 0.06862745098039216 0.10294117647058824
0 0.8848039215686275 0.6633986928104575 0.05392156862745098 0.10784313725490197
0 0.9395424836601307 0.6486928104575164 0.07516339869281045 0.10130718954248366
0 0.8774509803921569 0.7238562091503268 0.0196078431372549 0.032679738562091505
0 0.8464052287581699 0.7475490196078431 0.08823529411764706 0.08333333333333334
0 0.9150326797385622 0.7401960784313726 0.058823529411764705 0.0784313725490196
0 0.6519607843137255 0.6977124183006537 0.06535947712418301 0.06209150326797386
0 0.7075163398692811 0.7083333333333334 0.042483660130718956 0.04411764705882353
0 0.7475490196078431 0.7712418300653595 0.10620915032679738 0.08169934640522876
0 0.8643790849673203 0.8022875816993464 0.026143790849673203 0.032679738562091505
0 0.823529411764706 0.8071895424836601 0.07189542483660132 0.07189542483660132
0 0.6486928104575164 0.7777777777777778 0.09477124183006536 0.10784313725490197
0 0.7344771241830066 0.8447712418300654 0.07679738562091504 0.06862745098039216
0 0.7312091503267975 0.9044117647058824 0.09967320261437909 0.07679738562091504
0 0.6380718954248367 0.9076797385620915 0.08986928104575163 0.08006535947712419
0 0.613562091503268 0.8488562091503268 0.13562091503267976 0.07679738562091504
0 0.5392156862745098 0.9003267973856209 0.10784313725490197 0.11111111111111112
0 0.4362745098039216 0.948529411764706 0.10130718954248366 0.08333333333333334
0 0.5686274509803921 0.9656862745098039 0.07189542483660132 0.04575163398692811
0 0.4068627450980392 0.8905228758169935 0.11111111111111112 0.13398692810457516
0 0.4803921568627451 0.823529411764706 0.05555555555555556 0.05228758169934641
0 0.579248366013072 0.7704248366013072 0.06699346405228758 0.08333333333333334
0 0.3480392156862745 0.8480392156862745 0.09477124183006536 0.10130718954248366
0 0.488562091503268 0.7491830065359477 0.07516339869281045 0.09313725490196079
0 0.41830065359477125 0.7606209150326798 0.05555555555555556 0.06372549019607843
0 0.5310457516339869 0.678921568627451 0.09150326797385622 0.07679738562091504
0 0.44526143790849676 0.6748366013071896 0.07352941176470588 0.07189542483660132
0 0.33905228758169936 0.7491830065359477 0.09640522875816994 0.10947712418300654
0 0.1576797385620915 0.8316993464052288 0.09967320261437909 0.10130718954248366
0 0.5580065359477124 0.6053921568627452 0.07352941176470588 0.06699346405228758
0 0.9779411764705883 0.46405228758169936 0.03758169934640523 0.0392156862745098
0 0.2581699346405229 0.7467320261437909 0.0784313725490196 0.10130718954248366
0 0.1772875816993464 0.7426470588235294 0.06699346405228758 0.07026143790849673
0 0.1119281045751634 0.7434640522875817 0.06699346405228758 0.0784313725490196
0 0.3292483660130719 0.6642156862745098 0.08333333333333334 0.08986928104575163
0 0.23937908496732027 0.6568627450980392 0.09313725490196079 0.10130718954248366
0 0.18627450980392157 0.6601307189542484 0.06535947712418301 0.11764705882352941
0 0.09477124183006536 0.6625816993464052 0.09150326797385622 0.08006535947712419
0 0.059640522875817 0.5923202614379085 0.09313725490196079 0.09313725490196079
0 0.47385620915032683 0.5874183006535948 0.11764705882352941 0.12254901960784315
0 0.3831699346405229 0.5106209150326797 0.119281045751634 0.09967320261437909
0 0.3031045751633987 0.5383986928104575 0.08986928104575163 0.14869281045751634
0 0.20179738562091504 0.5334967320261438 0.12254901960784315 0.13562091503267976
0 0.10212418300653595 0.5245098039215687 0.06699346405228758 0.07189542483660132
0 0.45669934640522875 0.4542483660130719 0.057189542483660136 0.0784313725490196
0 0.4150326797385621 0.40032679738562094 0.09150326797385622 0.07516339869281045
0 0.46977124183006536 0.34477124183006536 0.08986928104575163 0.10457516339869281
0 0.3243464052287582 0.40522875816993464 0.10294117647058824 0.13071895424836602
0 0.23529411764705882 0.4150326797385621 0.07516339869281045 0.0784313725490196
0 0.12990196078431374 0.41258169934640526 0.12908496732026145 0.119281045751634
0 0.042483660130718956 0.3611111111111111 0.05555555555555556 0.08169934640522876
0 0.16830065359477125 0.3464052287581699 0.05555555555555556 0.06862745098039216
0 0.11029411764705882 0.3276143790849673 0.06045751633986928 0.06699346405228758
0 0.25 0.3178104575163399 0.05228758169934641 0.07352941176470588
0 0.3758169934640523 0.31290849673202614 0.10130718954248366 0.09313725490196079
0 0.46977124183006536 0.34477124183006536 0.08986928104575163 0.10130718954248366
0 0.3137254901960784 0.2647058823529412 0.08169934640522876 0.08823529411764706
0 0.17238562091503268 0.2434640522875817 0.12908496732026145 0.12745098039215685
0 0.21160130718954248 0.1568627450980392 0.04084967320261438 0.05555555555555556
0 0.45833333333333337 0.2246732026143791 0.08986928104575163 0.08986928104575163
0 0.3553921568627451 0.1707516339869281 0.07026143790849673 0.08660130718954248
0 0.2728758169934641 0.1642156862745098 0.08823529411764706 0.12254901960784315
0 0.428921568627451 0.11764705882352941 0.08006535947712419 0.13725490196078433
0 0.3227124183006536 0.07761437908496732 0.119281045751634 0.09313725490196079
0 0.07352941176470588 0.2761437908496732 0.04575163398692811 0.05228758169934641
