0 0.5571895424836601 0.032679738562091505 0.049019607843137254 0.05228758169934641
0 0.6151960784313726 0.03104575163398693 0.06045751633986928 0.05555555555555556
0 0.6568627450980392 0.08333333333333334 0.049019607843137254 0.0392156862745098
0 0.6151960784313726 0.08006535947712419 0.04411764705882353 0.06862745098039216
0 0.5604575163398693 0.08660130718954248 0.0784313725490196 0.049019607843137254
0 0.7459150326797386 0.10294117647058824 0.12254901960784315 0.09150326797385622
0 0.6764705882352942 0.18218954248366015 0.12418300653594772 0.10620915032679738
0 0.7132352941176471 0.2246732026143791 0.057189542483660136 0.04411764705882353
0 0.8112745098039216 0.18137254901960784 0.12254901960784315 0.13725490196078433
0 0.7508169934640523 0.28431372549019607 0.07352941176470588 0.09150326797385622
0 0.8700980392156863 0.2450980392156863 0.06045751633986928 0.07189542483660132
0 0.5678104575163399 0.21977124183006536 0.12908496732026145 0.14215686274509803
0 0.7892156862745098 0.3423202614379085 0.058823529411764705 0.057189542483660136
0 0.7508169934640523 0.22957516339869283 0.024509803921568627 0.04084967320261438
0 0.8570261437908497 0.3929738562091503 0.12254901960784315 0.15849673202614378
0 0.9452614379084968 0.3415032679738562 0.04738562091503268 0.06862745098039216
0 0.6119281045751634 0.36356209150326796 0.10294117647058824 0.12254901960784315
0 0.7736928104575164 0.4607843137254902 0.09640522875816994 0.16013071895424838
0 0.9395424836601307 0.41258169934640526 0.05555555555555556 0.06699346405228758
0 0.9665032679738562 0.4575163398692811 0.03758169934640523 0.05555555555555556
0 0.8937908496732027 0.505718954248366 0.10457516339869281 0.12254901960784315
0 0.9705882352941176 0.5408496732026143 0.05228758169934641 0.12418300653594772
0 0.8178104575163399 0.548202614379085 0.07026143790849673 0.04738562091503268
0 0.9305555555555556 0.5661764705882353 0.04738562091503268 0.05392156862745098
0 0.8586601307189543 0.5882352941176471 0.05392156862745098 0.05555555555555556
0 0.5841503267973857 0.45915032679738566 0.09313725490196079 0.10457516339869281
0 0.6805555555555556 0.5122549019607844 0.10294117647058824 0.07352941176470588
0 0.6331699346405228 0.5612745098039216 0.119281045751634 0.06699346405228758
0 0.7222222222222222 0.6184640522875817 0.06862745098039216 0.06045751633986928
0 0.7990196078431373 0.6111111111111112 0.08496732026143791 0.0784313725490196
0 0.8733660130718954 0.6593137254901961 0.06045751633986928 0.10294117647058824
0 0.8406862745098039 0.6781045751633987 0.06372549019607843 0.06209150326797386
0 0.8366013071895425 0.7156862745098039 0.042483660130718956 0.0392156862745098
0 0.9305555555555556 0.6699346405228759 0.06699346405228758 0.08496732026143791
0 0.8366013071895425 0.7867647058823529 0.11437908496732027 0.09313725490196079
0 0.8954248366013072 0.7565359477124183 0.04575163398692811 0.03594771241830066
0 0.6209150326797386 0.6290849673202614 0.058823529411764705 0.07189542483660132
0 0.7156862745098039 0.7009803921568628 0.12745098039215685 0.12091503267973856
0 0.7369281045751634 0.7818627450980392 0.06209150326797386 0.05392156862745098
0 0.5441176470588236 0.6151960784313726 0.09803921568627451 0.09967320261437909
0 0.4632352941176471 0.6127450980392157 0.06372549019607843 0.07189542483660132
0 0.49101307189542487 0.6764705882352942 0.08333333333333334 0.06862745098039216
0 0.5490196078431373 0.6797385620915033 0.042483660130718956 0.0392156862745098
0 0.5547385620915033 0.7222222222222222 0.04411764705882353 0.04575163398692811
0 0.6348039215686274 0.763888888888889 0.119281045751634 0.1519607843137255
0 0.7401960784313726 0.8937908496732027 0.10130718954248366 0.08169934640522876
0 0.6797385620915033 0.9313725490196079 0.058823529411764705 0.07516339869281045
0 0.6225490196078431 0.9109477124183006 0.05555555555555556 0.05392156862745098
0 0.5915032679738562 0.8529411764705883 0.05555555555555556 0.04575163398692811
0 0.4673202614379085 0.7540849673202614 0.10130718954248366 0.09640522875816994
0 0.513888888888889 0.8259803921568628 0.12254901960784315 0.1388888888888889
0 0.5408496732026143 0.9101307189542484 0.042483660130718956 0.05555555555555556
0 0.579248366013072 0.9624183006535948 0.12581699346405228 0.058823529411764705
0 0.45996732026143794 0.9583333333333334 0.06045751633986928 0.057189542483660136
0 0.41421568627450983 0.8880718954248367 0.09967320261437909 0.12581699346405228
0 0.34558823529411764 0.8496732026143791 0.057189542483660136 0.07189542483660132
0 0.36683006535947715 0.8031045751633987 0.04411764705882353 0.03431372549019608
0 0.3946078431372549 0.7532679738562091 0.04738562091503268 0.06209150326797386
0 0.3374183006535948 0.7508169934640523 0.08006535947712419 0.08986928104575163
0 0.37254901960784315 0.9640522875816994 0.09150326797385622 0.042483660130718956
0 0.2540849673202614 0.7475490196078431 0.07352941176470588 0.09967320261437909
0 0.15441176470588236 0.755718954248366 0.09967320261437909 0.08986928104575163
0 0.27532679738562094 0.6495098039215687 0.10294117647058824 0.09640522875816994
0 0.2181372549019608 0.673202614379085 0.06372549019607843 0.07516339869281045
0 0.09150326797385622 0.6715686274509804 0.13725490196078433 0.10457516339869281
0 0.18627450980392157 0.6486928104575164 0.06209150326797386 0.09150326797385622
0 0.1772875816993464 0.5955882352941176 0.09640522875816994 0.08006535947712419
0 0.09885620915032681 0.5457516339869282 0.12254901960784315 0.13071895424836602
0 0.02777777777777778 0.5236928104575164 0.05228758169934641 0.15849673202614378
0 0.2099673202614379 0.5098039215686274 0.06372549019607843 0.10457516339869281
0 0.29411764705882354 0.5310457516339869 0.10784313725490197 0.17647058823529413
0 0.39052287581699346 0.4950980392156863 0.049019607843137254 0.05228758169934641
0 0.4722222222222222 0.4746732026143791 0.12745098039215685 0.10620915032679738
0 0.49754901960784315 0.39542483660130723 0.08006535947712419 0.058823529411764705
0 0.4150326797385621 0.4011437908496732 0.10130718954248366 0.08333333333333334
0 0.3513071895424837 0.44526143790849676 0.06862745098039216 0.07679738562091504
0 0.32679738562091504 0.39869281045751637 0.06209150326797386 0.10130718954248366
0 0.25245098039215685 0.40604575163398693 0.08660130718954248 0.07679738562091504
0 0.13725490196078433 0.42647058823529416 0.13725490196078433 0.11437908496732027
0 0.03594771241830066 0.40032679738562094 0.058823529411764705 0.08169934640522876
0 0.03676470588235294 0.35784313725490197 0.03431372549019608 0.03594771241830066
0 0.1315359477124183 0.31209150326797386 0.12254901960784315 0.11764705882352941
0 0.25163398692810457 0.3145424836601307 0.09803921568627451 0.09967320261437909
0 0.3758169934640523 0.30718954248366015 0.12418300653594772 0.12091503267973856
0 0.4820261437908497 0.34558823529411764 0.08169934640522876 0.06045751633986928
0 0.477124183006536 0.2818627450980392 0.08169934640522876 0.06699346405228758
0 0.4763071895424837 0.22303921568627452 0.09640522875816994 0.09640522875816994
0 0.18382352941176472 0.24183006535947713 0.07026143790849673 0.09477124183006536
0 0.3472222222222222 0.18709150326797386 0.10947712418300654 0.12254901960784315
0 0.2181372549019608 0.15441176470588236 0.07352941176470588 0.09967320261437909
0 0.3374183006535948 0.08741830065359478 0.09640522875816994 0.09313725490196079
0 0.4305555555555556 0.05392156862745098 0.08986928104575163 0.10130718954248366
0 0.125 0.17238562091503268 0.07352941176470588 0.08986928104575163
