0 0.5465686274509804 0.04411764705882353 0.10620915032679738 0.08823529411764706
0 0.6266339869281046 0.07434640522875817 0.08006535947712419 0.07679738562091504
0 0.5988562091503268 0.13562091503267976 0.05065359477124183 0.09150326797385622
0 0.744281045751634 0.09313725490196079 0.119281045751634 0.08496732026143791
0 0.6642156862745098 0.18218954248366015 0.07026143790849673 0.06045751633986928
0 0.6683006535947713 0.13071895424836602 0.03594771241830066 0.05228758169934641
0 0.613562091503268 0.24019607843137256 0.07352941176470588 0.06535947712418301
0 0.7998366013071896 0.17973856209150327 0.11601307189542484 0.13725490196078433
0 0.7467320261437909 0.29820261437908496 0.09150326797385622 0.15849673202614378
0 0.8823529411764706 0.2042483660130719 0.06209150326797386 0.07189542483660132
0 0.9068627450980392 0.26552287581699346 0.07189542483660132 0.03758169934640523
0 0.9330065359477124 0.34068627450980393 0.07516339869281045 0.08986928104575163
0 0.8513071895424836 0.3880718954248366 0.10457516339869281 0.1454248366013072
0 0.9362745098039216 0.40931372549019607 0.09803921568627451 0.08006535947712419
0 0.7826797385620915 0.4485294117647059 0.08496732026143791 0.12581699346405228
0 0.6683006535947713 0.3929738562091503 0.09803921568627451 0.10620915032679738
0 0.6086601307189543 0.3464052287581699 0.06372549019607843 0.06209150326797386
0 0.5923202614379085 0.45669934640522875 0.08660130718954248 0.10947712418300654
0 0.6821895424836601 0.5098039215686274 0.12581699346405228 0.0784313725490196
0 0.8169934640522876 0.5375816993464052 0.12745098039215685 0.09477124183006536
0 0.9052287581699346 0.49101307189542487 0.07189542483660132 0.07679738562091504
0 0.9803921568627452 0.4624183006535948 0.03594771241830066 0.05555555555555556
0 0.9714052287581699 0.5408496732026143 0.04411764705882353 0.10457516339869281
0 0.928921568627451 0.5645424836601307 0.06372549019607843 0.06372549019607843
0 0.6331699346405228 0.5645424836601307 0.14869281045751634 0.07679738562091504
0 0.5269607843137255 0.6290849673202614 0.10294117647058824 0.09803921568627451
0 0.6266339869281046 0.6397058823529412 0.09967320261437909 0.10947712418300654
0 0.798202614379085 0.625 0.12908496732026145 0.09313725490196079
0 0.9191176470588236 0.6683006535947713 0.10294117647058824 0.12745098039215685
0 0.8374183006535948 0.6936274509803921 0.09640522875816994 0.08006535947712419
0 0.7222222222222222 0.7083333333333334 0.15359477124183007 0.1388888888888889
0 0.8611111111111112 0.7777777777777778 0.10457516339869281 0.09477124183006536
0 0.7720588235294118 0.8047385620915033 0.09313725490196079 0.09313725490196079
0 0.8259803921568628 0.8562091503267975 0.06699346405228758 0.06535947712418301
0 0.5073529411764706 0.6797385620915033 0.10294117647058824 0.0784313725490196
0 0.5694444444444444 0.7344771241830066 0.05065359477124183 0.057189542483660136
0 0.6241830065359477 0.7647058823529412 0.09150326797385622 0.13071895424836602
0 0.6772875816993464 0.8080065359477124 0.04084967320261438 0.04411764705882353
0 0.7475490196078431 0.9093137254901961 0.057189542483660136 0.057189542483660136
0 0.6625816993464052 0.928921568627451 0.09640522875816994 0.08660130718954248
0 0.5147058823529412 0.7630718954248367 0.14379084967320263 0.08823529411764706
0 0.5196078431372549 0.8537581699346406 0.10457516339869281 0.07679738562091504
0 0.5964052287581699 0.8897058823529412 0.08496732026143791 0.12254901960784315
0 0.5506535947712419 0.9534313725490197 0.05555555555555556 0.07679738562091504
0 0.4795751633986928 0.9714052287581699 0.12254901960784315 0.03758169934640523
0 0.5906862745098039 0.9673202614379085 0.03758169934640523 0.032679738562091505
0 0.369281045751634 0.9321895424836601 0.049019607843137254 0.06372549019607843
0 0.4223856209150327 0.8864379084967321 0.08333333333333334 0.10620915032679738
0 0.3684640522875817 0.8194444444444444 0.11601307189542484 0.10947712418300654
0 0.4354575163398693 0.7524509803921569 0.05065359477124183 0.04411764705882353
0 0.3888888888888889 0.7459150326797386 0.06862745098039216 0.04738562091503268
0 0.35947712418300654 0.6870915032679739 0.08169934640522876 0.09967320261437909
0 0.33415032679738566 0.755718954248366 0.03104575163398693 0.04084967320261438
0 0.26143790849673204 0.8382352941176471 0.0784313725490196 0.08169934640522876
0 0.25980392156862747 0.7483660130718954 0.07189542483660132 0.08823529411764706
0 0.17565359477124184 0.8080065359477124 0.04084967320261438 0.05065359477124183
0 0.1315359477124183 0.7581699346405228 0.07679738562091504 0.0784313725490196
0 0.184640522875817 0.7205882352941176 0.058823529411764705 0.08169934640522876
0 0.24918300653594772 0.6486928104575164 0.15849673202614378 0.08823529411764706
0 0.10375816993464053 0.6805555555555556 0.12581699346405228 0.10947712418300654
0 0.04738562091503268 0.6266339869281046 0.06862745098039216 0.07679738562091504
0 0.18627450980392157 0.5890522875816994 0.10130718954248366 0.10620915032679738
0 0.09803921568627451 0.5506535947712419 0.14705882352941177 0.13071895424836602
0 0.0196078431372549 0.5204248366013072 0.0392156862745098 0.10294117647058824
0 0.19771241830065361 0.4852941176470588 0.07516339869281045 0.10130718954248366
0 0.2826797385620915 0.5212418300653595 0.08823529411764706 0.13398692810457516
0 0.3643790849673203 0.46405228758169936 0.12745098039215685 0.1568627450980392
0 0.47875816993464054 0.46977124183006536 0.09150326797385622 0.08986928104575163
0 0.4485294117647059 0.5122549019607844 0.04738562091503268 0.04738562091503268
0 0.42320261437908496 0.3946078431372549 0.06535947712418301 0.07026143790849673
0 0.5204248366013072 0.3880718954248366 0.1323529411764706 0.08660130718954248
0 0.24836601307189543 0.41258169934640526 0.12091503267973856 0.08333333333333334
0 0.13316993464052287 0.43790849673202614 0.12254901960784315 0.08823529411764706
0 0.040032679738562095 0.4076797385620915 0.07352941176470588 0.10294117647058824
0 0.07598039215686275 0.34885620915032683 0.04738562091503268 0.04738562091503268
0 0.14133986928104575 0.303921568627451 0.11601307189542484 0.11111111111111112
0 0.25571895424836605 0.32026143790849676 0.11274509803921569 0.10457516339869281
0 0.37336601307189543 0.29983660130718953 0.10620915032679738 0.10294117647058824
0 0.4493464052287582 0.3300653594771242 0.09150326797385622 0.07516339869281045
0 0.47303921568627455 0.286764705882353 0.06372549019607843 0.06699346405228758
0 0.5 0.22794117647058823 0.07189542483660132 0.08006535947712419
0 0.4109477124183007 0.20915032679738563 0.10620915032679738 0.08823529411764706
0 0.3480392156862745 0.1854575163398693 0.10457516339869281 0.11601307189542484
0 0.21650326797385622 0.16830065359477125 0.07679738562091504 0.08823529411764706
0 0.2181372549019608 0.09640522875816994 0.08006535947712419 0.05228758169934641
0 0.15849673202614378 0.1519607843137255 0.04575163398692811 0.058823529411764705
0 0.49101307189542487 0.1315359477124183 0.09640522875816994 0.08660130718954248
0 0.41748366013071897 0.06454248366013073 0.12908496732026145 0.11274509803921569
0 0.3104575163398693 0.06045751633986928 0.058823529411764705 0.06535947712418301
