0 0.5 0.029296875 0.09375 0.05859375
0 0.544921875 0.09765625 0.12109375 0.078125
0 0.623046875 0.05859375 0.06640625 0.078125
0 0.67578125 0.095703125 0.046875 0.05078125
0 0.66015625 0.169921875 0.1015625 0.10546875
0 0.69140625 0.251953125 0.1171875 0.09765625
0 0.7734375 0.166015625 0.0546875 0.04296875
0 0.806640625 0.216796875 0.10546875 0.08203125
0 0.861328125 0.255859375 0.07421875 0.09765625
0 0.91015625 0.27734375 0.03125 0.046875
0 0.935546875 0.310546875 0.03515625 0.05078125
0 0.78125 0.3203125 0.1015625 0.078125
0 0.822265625 0.392578125 0.08984375 0.07421875
0 0.728515625 0.376953125 0.05859375 0.05078125
0 0.619140625 0.37109375 0.13671875 0.1328125
0 0.923828125 0.41015625 0.10546875 0.125
0 0.736328125 0.45703125 0.08203125 0.1015625
0 0.607421875 0.513671875 0.12109375 0.12890625
0 0.708984375 0.552734375 0.08984375 0.08203125
0 0.87109375 0.5234375 0.078125 0.109375
0 0.94140625 0.505859375 0.078125 0.05859375
0 0.970703125 0.5390625 0.05078125 0.078125
0 0.798828125 0.552734375 0.08984375 0.08203125
0 0.9296875 0.572265625 0.0625 0.04296875
0 0.73046875 0.6328125 0.1015625 0.078125
0 0.82421875 0.650390625 0.0703125 0.11328125
0 0.892578125 0.669921875 0.04296875 0.07421875
0 0.931640625 0.65234375 0.07421875 0.109375
0 0.771484375 0.693359375 0.05859375 0.06640625
0 0.873046875 0.716796875 0.05859375 0.08203125
0 0.60546875 0.611328125 0.0703125 0.05078125
0 0.662109375 0.708984375 0.11328125 0.10546875
0 0.75 0.759765625 0.1015625 0.06640625
0 0.82421875 0.759765625 0.046875 0.05859375
0 0.861328125 0.7890625 0.08984375 0.0703125
0 0.66796875 0.7890625 0.0546875 0.046875
0 0.72265625 0.837890625 0.09375 0.08203125
0 0.79296875 0.873046875 0.0625 0.04296875
0 0.61328125 0.84765625 0.1171875 0.0859375
0 0.646484375 0.8984375 0.03515625 0.0390625
0 0.57421875 0.939453125 0.078125 0.08203125
0 0.501953125 0.97265625 0.06640625 0.03125
0 0.5234375 0.873046875 0.0546875 0.08203125
0 0.470703125 0.90625 0.05859375 0.078125
0 0.416015625 0.951171875 0.08203125 0.06640625
0 0.552734375 0.755859375 0.08203125 0.12109375
0 0.48046875 0.80859375 0.078125 0.1015625
0 0.388671875 0.88671875 0.09765625 0.1015625
0 0.33984375 0.845703125 0.0859375 0.10546875
0 0.388671875 0.791015625 0.05078125 0.04296875
0 0.4296875 0.75390625 0.078125 0.1015625
0 0.44140625 0.673828125 0.0703125 0.05859375
0 0.48828125 0.703125 0.03125 0.03125
0 0.533203125 0.673828125 0.08984375 0.06640625
0 0.515625 0.60546875 0.0546875 0.0625
0 0.474609375 0.56640625 0.08203125 0.125
0 0.33984375 0.740234375 0.09375 0.08984375
0 0.33203125 0.65234375 0.1015625 0.0703125
0 0.25 0.73828125 0.078125 0.09375
0 0.171875 0.828125 0.1171875 0.078125
0 0.1875 0.740234375 0.0546875 0.10546875
0 0.240234375 0.65234375 0.07421875 0.0859375
0 0.3671875 0.515625 0.140625 0.109375
0 0.185546875 0.658203125 0.05078125 0.06640625
0 0.10546875 0.73828125 0.09375 0.09375
0 0.125 0.65234375 0.0703125 0.078125
0 0.044921875 0.6796875 0.03515625 0.0625
0 0.068359375 0.5703125 0.12109375 0.15625
0 0.208984375 0.541015625 0.15234375 0.14453125
0 0.42578125 0.451171875 0.0703125 0.08984375
0 0.11328125 0.416015625 0.0703125 0.09765625
0 0.216796875 0.408203125 0.11328125 0.10546875
0 0.3125 0.396484375 0.078125 0.12109375
0 0.015625 0.427734375 0.0234375 0.07421875
0 0.048828125 0.34765625 0.05859375 0.09375
0 0.158203125 0.3359375 0.07421875 0.0703125
0 0.083984375 0.275390625 0.06640625 0.12890625
0 0.390625 0.376953125 0.0859375 0.07421875
0 0.46484375 0.33984375 0.0859375 0.09375
0 0.435546875 0.26953125 0.08984375 0.0859375
0 0.1640625 0.248046875 0.109375 0.10546875
0 0.244140625 0.306640625 0.10546875 0.10546875
0 0.369140625 0.302734375 0.03515625 0.04296875
0 0.322265625 0.259765625 0.11328125 0.09765625
0 0.5703125 0.212890625 0.0625 0.08984375
0 0.51953125 0.169921875 0.046875 0.06640625
0 0.279296875 0.150390625 0.11328125 0.12890625
0 0.208984375 0.109375 0.08203125 0.0703125
0 0.3203125 0.072265625 0.0859375 0.05859375
0 0.423828125 0.126953125 0.11328125 0.17578125
