0 0.5073529411764706 0.03758169934640523 0.09967320261437909 0.058823529411764705
0 0.5473856209150327 0.1053921568627451 0.14379084967320263 0.10294117647058824
0 0.6437908496732027 0.06699346405228758 0.09803921568627451 0.10130718954248366
0 0.732843137254902 0.10947712418300654 0.04738562091503268 0.049019607843137254
0 0.6658496732026143 0.17892156862745098 0.11601307189542484 0.11601307189542484
0 0.5580065359477124 0.2107843137254902 0.119281045751634 0.13071895424836602
0 0.7736928104575164 0.1919934640522876 0.06699346405228758 0.11274509803921569
0 0.696078431372549 0.25245098039215685 0.09803921568627451 0.08986928104575163
0 0.8267973856209151 0.1576797385620915 0.03594771241830066 0.05392156862745098
0 0.8227124183006537 0.22058823529411764 0.06699346405228758 0.05555555555555556
0 0.863562091503268 0.25653594771241833 0.09313725490196079 0.11437908496732027
0 0.7916666666666667 0.32679738562091504 0.10947712418300654 0.09150326797385622
0 0.9379084967320261 0.2973856209150327 0.058823529411764705 0.09803921568627451
0 0.923202614379085 0.4166666666666667 0.10457516339869281 0.11437908496732027
0 0.6184640522875817 0.37336601307189543 0.1388888888888889 0.14869281045751634
0 0.7418300653594772 0.4616013071895425 0.10457516339869281 0.1519607843137255
0 0.8782679738562091 0.5261437908496732 0.10294117647058824 0.13725490196078433
0 0.9452614379084968 0.5089869281045751 0.05065359477124183 0.06045751633986928
0 0.8145424836601307 0.3970588235294118 0.05065359477124183 0.049019607843137254
0 0.8014705882352942 0.5604575163398693 0.08660130718954248 0.08169934640522876
0 0.6143790849673203 0.5179738562091504 0.12091503267973856 0.12745098039215685
0 0.7148692810457516 0.5580065359477124 0.07352941176470588 0.06699346405228758
0 0.9648692810457516 0.5490196078431373 0.05065359477124183 0.10457516339869281
0 0.7312091503267975 0.6356209150326798 0.119281045751634 0.10457516339869281
0 0.8251633986928105 0.6552287581699346 0.07189542483660132 0.11437908496732027
0 0.8872549019607844 0.6666666666666667 0.05228758169934641 0.09803921568627451
0 0.934640522875817 0.6429738562091504 0.08169934640522876 0.11274509803921569
0 0.8774509803921569 0.7295751633986929 0.04575163398692811 0.06372549019607843
0 0.8390522875816994 0.7540849673202614 0.07679738562091504 0.07352941176470588
0 0.6683006535947713 0.7066993464052288 0.11764705882352941 0.10294117647058824
0 0.755718954248366 0.7655228758169935 0.11601307189542484 0.08006535947712419
0 0.7303921568627452 0.8447712418300654 0.09150326797385622 0.0784313725490196
0 0.7181372549019608 0.9101307189542484 0.08333333333333334 0.06862745098039216
0 0.6437908496732027 0.9068627450980392 0.08169934640522876 0.06535947712418301
0 0.6168300653594772 0.8472222222222222 0.1323529411764706 0.08333333333333334
0 0.5988562091503268 0.7696078431372549 0.07352941176470588 0.0784313725490196
0 0.5759803921568628 0.9428104575163399 0.07026143790849673 0.06209150326797386
0 0.5277777777777778 0.8880718954248367 0.08169934640522876 0.10947712418300654
0 0.46895424836601307 0.9084967320261438 0.042483660130718956 0.05555555555555556
0 0.5367647058823529 0.763888888888889 0.05392156862745098 0.10294117647058824
0 0.42647058823529416 0.9517973856209151 0.09150326797385622 0.07026143790849673
0 0.4820261437908497 0.8120915032679739 0.07189542483660132 0.10784313725490197
0 0.4011437908496732 0.8929738562091504 0.09967320261437909 0.12581699346405228
0 0.3431372549019608 0.8529411764705883 0.08823529411764706 0.09803921568627451
0 0.5285947712418301 0.6723856209150327 0.08660130718954248 0.07679738562091504
0 0.4428104575163399 0.6756535947712419 0.08169934640522876 0.07026143790849673
0 0.4305555555555556 0.755718954248366 0.07026143790849673 0.08660130718954248
0 0.3431372549019608 0.75 0.10130718954248366 0.11437908496732027
0 0.47385620915032683 0.5784313725490197 0.10784313725490197 0.13398692810457516
0 0.16993464052287582 0.8349673202614379 0.11764705882352941 0.09803921568627451
0 0.10702614379084968 0.7459150326797386 0.08660130718954248 0.09313725490196079
0 0.25326797385620914 0.7434640522875817 0.08496732026143791 0.09803921568627451
0 0.33415032679738566 0.6601307189542484 0.09640522875816994 0.09150326797385622
0 0.1854575163398693 0.6560457516339869 0.06372549019607843 0.09967320261437909
0 0.2434640522875817 0.6560457516339869 0.09477124183006536 0.09967320261437909
0 0.10294117647058824 0.6666666666666667 0.07189542483660132 0.0392156862745098
0 0.4934640522875817 0.7320261437908497 0.042483660130718956 0.058823529411764705
0 0.8325163398692811 0.43300653594771243 0.04084967320261438 0.0392156862745098
0 0.3758169934640523 0.513888888888889 0.14052287581699346 0.11274509803921569
0 0.42647058823529416 0.45669934640522875 0.0392156862745098 0.04411764705882353
0 0.4256535947712418 0.40604575163398693 0.06045751633986928 0.04084967320261438
0 0.3888888888888889 0.3790849673202614 0.032679738562091505 0.04575163398692811
0 0.06699346405228758 0.5751633986928105 0.11437908496732027 0.14705882352941177
0 0.30718954248366015 0.5498366013071896 0.07516339869281045 0.11274509803921569
0 0.20506535947712418 0.5383986928104575 0.15522875816993464 0.1454248366013072
0 0.32189542483660133 0.4027777777777778 0.09150326797385622 0.12581699346405228
0 0.22630718954248366 0.41421568627450983 0.10947712418300654 0.09640522875816994
0 0.12173202614379085 0.4150326797385621 0.10620915032679738 0.11764705882352941
0 0.04493464052287582 0.35294117647058826 0.06372549019607843 0.08823529411764706
0 0.16584967320261437 0.33986928104575165 0.07679738562091504 0.06862745098039216
0 0.24836601307189543 0.3292483660130719 0.08823529411764706 0.06699346405228758
0 0.08169934640522876 0.27941176470588236 0.06209150326797386 0.11111111111111112
0 0.4665032679738562 0.34558823529411764 0.08986928104575163 0.10294117647058824
0 0.37336601307189543 0.30718954248366015 0.07352941176470588 0.08169934640522876
0 0.4411764705882353 0.2769607843137255 0.0784313725490196 0.06045751633986928
0 0.32516339869281047 0.2638888888888889 0.10457516339869281 0.08986928104575163
0 0.16993464052287582 0.24591503267973858 0.13071895424836602 0.12581699346405228
0 0.2761437908496732 0.1568627450980392 0.11437908496732027 0.12745098039215685
0 0.4575163398692811 0.2238562091503268 0.058823529411764705 0.058823529411764705
0 0.4223856209150327 0.12581699346405228 0.10947712418300654 0.16339869281045752
0 0.3235294117647059 0.07516339869281045 0.10784313725490197 0.08496732026143791
